Now: 05/06/2013 08:10:41
Battery Level: 1.4V
MiniSVP: S/N 31597
Site info: PANAREA
Calibrated: 04/01/2010
Latitude: 38.499979
Mode: P9.999993e-2
Tare: 10.154
Pressure units: m
00.111	20.941	0000.000
00.078	20.945	0000.000
-0.004	20.952	0000.000
00.122	20.752	1522.569
00.149	20.502	1522.571
00.204	20.183	1522.554
00.301	19.781	1522.532
00.402	19.554	1522.495
00.503	19.366	1522.483
00.603	19.227	1522.477
00.709	19.169	1522.273
00.819	19.127	1522.284
01.018	19.102	1522.278
01.269	19.091	1522.213
01.333	19.077	1522.154
01.416	19.063	1522.152
01.506	19.046	1522.143
01.612	19.027	1522.105
01.709	19.008	1522.098
01.829	18.992	1522.095
02.031	18.980	1522.092
02.229	18.972	1522.083
02.307	18.965	1522.086
02.413	18.958	1522.080
02.509	18.951	1522.075
02.601	18.945	1522.065
02.715	18.940	1522.070
02.803	18.932	1522.061
02.906	18.925	1522.062
03.054	18.918	1522.062
03.146	18.913	1522.060
03.320	18.911	1522.060
03.541	18.911	1522.058
03.655	18.909	1522.056
03.735	18.906	1522.056
03.907	18.904	1522.053
04.130	18.900	1522.053
04.236	18.897	1522.053
04.415	18.894	1522.054
04.612	18.891	1522.052
04.718	18.888	1522.054
04.904	18.886	1522.052
05.065	18.884	1522.055
05.281	18.882	1522.055
05.476	18.881	1522.059
05.620	18.879	1522.062
05.746	18.878	1522.063
05.917	18.877	1522.062
06.171	18.877	1522.064
06.305	18.876	1522.065
06.437	18.876	1522.070
06.665	18.875	1522.071
06.829	18.873	1522.071
07.030	18.872	1522.075
07.283	18.872	1522.073
07.390	18.871	1522.075
07.504	18.870	1522.070
07.756	18.868	1522.073
08.040	18.866	1522.071
08.124	18.864	1522.071
08.301	18.862	1522.074
08.543	18.861	1522.076
08.699	18.859	1522.083
08.968	18.858	1522.084
09.133	18.857	1522.087
09.317	18.856	1522.088
09.532	18.855	1522.085
09.676	18.853	1522.035
09.867	18.850	1522.030
10.031	18.845	1521.985
10.302	18.838	1521.962
10.472	18.830	1521.905
10.647	18.821	1521.882
10.932	18.810	1521.858
11.188	18.799	1521.831
11.296	18.787	1521.817
11.457	18.777	1521.809
11.698	18.768	1521.790
11.993	18.759	1521.783
12.143	18.752	1521.786
12.249	18.746	1521.782
12.474	18.740	1521.784
12.730	18.737	1521.788
12.830	18.734	1521.779
13.078	18.731	1521.765
13.382	18.729	1521.756
13.513	18.725	1521.753
13.701	18.722	1521.754
13.941	18.718	1521.751
14.084	18.715	1521.742
14.364	18.712	1521.742
14.549	18.709	1521.742
14.747	18.707	1521.740
15.068	18.704	1521.736
15.205	18.702	1521.738
15.447	18.699	1521.741
15.710	18.697	1521.743
15.819	18.695	1521.743
16.128	18.693	1521.747
16.456	18.692	1521.733
16.711	18.690	1521.715
16.807	18.686	1521.678
17.039	18.681	1521.576
17.363	18.672	1521.475
17.518	18.659	1521.405
17.795	18.641	1521.304
18.092	18.619	1521.204
18.253	18.595	1521.154
18.495	18.569	1521.109
18.724	18.544	1521.056
18.871	18.520	1521.006
19.152	18.497	1520.999
19.240	18.478	1520.961
19.486	18.461	1520.963
19.789	18.446	1520.949
19.890	18.434	1520.927
20.157	18.424	1520.926
20.459	18.415	1520.922
20.548	18.409	1520.913
20.752	18.402	1520.915
21.057	18.396	1520.901
21.214	18.391	1520.887
21.407	18.385	1520.887
21.676	18.380	1520.885
21.817	18.375	1520.849
22.098	18.371	1520.792
22.253	18.365	1520.702
22.542	18.357	1520.656
22.668	18.346	1520.553
22.880	18.329	1520.482
23.192	18.309	1520.443
23.426	18.288	1520.425
23.545	18.266	1520.315
23.797	18.246	1520.271
24.125	18.225	1520.221
24.303	18.206	1520.211
24.434	18.187	1520.178
24.716	18.169	1520.144
25.016	18.154	1520.143
25.198	18.140	1520.121
25.364	18.127	1520.065
25.681	18.114	1520.026
25.868	18.099	1519.740
26.072	18.078	1519.413
26.310	18.044	1519.055
26.485	17.995	1518.790
26.783	17.933	1518.761
26.938	17.866	1518.664
27.095	17.802	1518.554
27.334	17.746	1518.541
27.608	17.698	1518.500
27.739	17.658	1518.472
28.016	17.624	1518.394
28.324	17.595	1518.336
28.583	17.569	1518.305
28.688	17.545	1518.253
28.847	17.522	1518.240
29.154	17.500	1518.179
29.364	17.480	1518.015
29.495	17.459	1517.832
29.710	17.435	1517.651
29.888	17.403	1517.254
30.197	17.360	1516.841
30.302	17.301	1516.622
30.574	17.230	1516.343
30.903	17.148	1516.152
31.045	17.064	1516.010
31.260	16.986	1515.866
31.420	16.916	1515.821
31.630	16.856	1515.689
31.908	16.803	1515.280
32.067	16.752	1515.179
32.330	16.696	1514.849
32.442	16.635	1514.831
32.655	16.570	1514.665
33.006	16.505	1514.370
33.129	16.442	1514.204
33.327	16.380	1514.022
33.531	16.318	1513.952
33.774	16.259	1513.892
33.974	16.205	1513.792
34.113	16.156	1513.553
34.433	16.111	1513.319
34.710	16.063	1513.123
34.864	16.012	1512.918
35.120	15.956	1512.794
35.273	15.899	1512.746
35.458	15.847	1512.710
35.637	15.801	1512.685
35.861	15.763	1512.637
36.098	15.730	1512.566
36.261	15.700	1512.492
36.520	15.673	1512.426
36.652	15.646	1512.357
36.847	15.620	1512.287
37.109	15.595	1512.183
37.264	15.569	1512.062
37.461	15.543	1511.966
37.703	15.515	1511.942
37.842	15.487	1511.878
38.086	15.460	1511.828
38.258	15.435	1511.817
38.504	15.412	1511.771
38.776	15.391	1511.710
38.925	15.372	1511.655
39.064	15.353	1511.645
39.352	15.335	1511.625
39.499	15.319	1511.622
39.743	15.304	1511.619
39.916	15.292	1511.604
40.061	15.281	1511.569
40.292	15.272	1511.521
40.389	15.263	1511.473
40.489	15.256	1511.397
40.562	15.249	1511.286
40.602	15.241	1511.233
40.575	15.231	1511.337
40.499	15.224	1511.430
40.397	15.226	1511.527
40.295	15.243	1511.454
40.188	15.262	1511.598
40.092	15.279	1511.572
39.990	15.287	1511.547
39.897	15.284	1511.484
40.020	15.290	1511.470
40.043	15.299	1511.449
39.972	15.313	1511.568
39.894	15.323	1511.618
39.794	15.324	1511.588
39.695	15.317	1511.552
39.599	15.302	1511.570
39.498	15.285	1511.634
39.399	15.271	1511.617
39.294	15.262	1511.605
39.197	15.259	1511.593
39.088	15.259	1511.613
38.994	15.259	1511.607
38.896	15.258	1511.608
38.791	15.259	1511.618
38.698	15.257	1511.613
38.599	15.254	1511.608
38.492	15.251	1511.590
38.386	15.248	1511.628
38.294	15.247	1511.649
38.196	15.248	1511.701
38.084	15.251	1511.727
37.962	15.254	1511.732
37.851	15.257	1511.734
37.759	15.260	1511.749
37.666	15.262	1511.761
37.598	15.265	1511.767
37.492	15.269	1511.768
37.396	15.273	1511.795
37.296	15.278	1511.801
37.190	15.283	1511.816
37.098	15.287	1511.831
36.981	15.292	1511.869
36.898	15.299	1511.908
36.794	15.308	1512.003
36.687	15.320	1512.047
36.589	15.333	1512.065
36.493	15.347	1512.085
36.376	15.362	1512.169
36.292	15.376	1512.191
36.188	15.391	1512.224
36.099	15.406	1512.330
35.983	15.422	1512.427
35.860	15.438	1512.501
35.728	15.453	1512.526
35.616	15.468	1512.562
35.498	15.482	1512.591
35.394	15.496	1512.643
35.299	15.510	1512.670
35.191	15.522	1512.674
35.043	15.532	1512.685
34.941	15.540	1512.691
34.828	15.548	1512.702
34.724	15.554	1512.702
34.668	15.560	1512.706
34.583	15.567	1512.742
34.488	15.573	1512.880
34.383	15.603	1513.099
34.285	15.635	1513.132
34.191	15.669	1513.197
34.082	15.706	1513.347
33.997	15.724	1513.439
33.872	15.745	1513.645
33.796	15.770	1513.695
33.688	15.799	1513.715
33.589	15.826	1513.758
33.499	15.850	1513.798
33.383	15.870	1513.835
33.283	15.885	1513.858
33.187	15.899	1513.934
33.082	15.913	1514.005
32.932	15.927	1514.074
32.849	15.944	1514.186
32.740	15.963	1514.298
32.648	15.986	1514.405
32.566	16.012	1514.509
32.492	16.041	1514.558
32.391	16.073	1514.630
32.300	16.105	1514.716
32.164	16.135	1514.748
32.090	16.163	1514.844
31.996	16.198	1515.120
31.889	16.247	1515.443
31.788	16.305	1515.457
31.697	16.384	1515.674
31.590	16.450	1515.703
31.495	16.497	1515.732
31.399	16.530	1515.748
31.285	16.536	1515.758
31.199	16.541	1515.764
31.091	16.546	1515.791
30.994	16.551	1515.794
30.892	16.556	1515.819
30.797	16.561	1515.841
30.689	16.569	1515.911
30.579	16.582	1516.052
30.498	16.597	1516.017
30.385	16.618	1516.229
30.282	16.641	1516.442
30.188	16.669	1516.566
30.093	16.705	1516.682
29.991	16.745	1517.054
29.898	16.792	1517.123
29.799	16.843	1517.437
29.699	16.908	1517.592
29.589	16.979	1517.640
29.498	17.045	1517.709
29.398	17.122	1517.855
29.289	17.177	1517.955
29.189	17.221	1518.010
29.094	17.259	1518.057
28.982	17.274	1518.082
28.877	17.287	1518.107
28.789	17.297	1518.171
28.686	17.306	1518.188
28.590	17.315	1518.241
28.483	17.325	1518.239
28.391	17.335	1518.288
28.290	17.346	1518.315
28.193	17.356	1518.315
28.088	17.365	1518.311
27.985	17.372	1518.319
27.898	17.379	1518.322
27.790	17.386	1518.364
27.694	17.393	1518.391
27.597	17.400	1518.399
27.493	17.408	1518.438
27.393	17.417	1518.470
27.295	17.426	1518.509
27.197	17.435	1518.514
27.090	17.444	1518.525
26.990	17.450	1518.535
26.890	17.456	1518.537
26.790	17.460	1518.558
26.683	17.464	1518.546
26.585	17.469	1518.556
26.472	17.474	1518.628
26.389	17.486	1518.762
26.295	17.510	1519.149
26.185	17.549	1519.315
26.061	17.598	1519.579
25.989	17.649	1519.701
25.892	17.700	1519.772
25.789	17.747	1519.883
25.699	17.793	1519.933
25.589	17.835	1520.000
25.496	17.870	1520.018
25.399	17.898	1520.035
25.296	17.920	1520.077
25.192	17.938	1520.077
25.087	17.954	1520.081
24.988	17.967	1520.094
24.886	17.978	1520.103
24.799	17.987	1520.109
24.680	17.994	1520.128
24.589	18.001	1520.142
24.486	18.006	1520.157
24.397	18.014	1520.201
24.291	18.023	1520.213
24.197	18.032	1520.209
24.088	18.041	1520.221
23.996	18.048	1520.248
23.887	18.054	1520.269
23.788	18.061	1520.275
23.696	18.067	1520.293
23.587	18.072	1520.312
23.494	18.077	1520.325
23.393	18.082	1520.337
23.283	18.088	1520.345
23.196	18.093	1520.350
23.090	18.100	1520.359
22.991	18.106	1520.358
22.899	18.113	1520.376
22.785	18.120	1520.434
22.684	18.127	1520.456
22.585	18.136	1520.536
22.498	18.146	1520.568
22.387	18.156	1520.588
22.292	18.165	1520.601
22.191	18.176	1520.617
22.085	18.187	1520.651
21.995	18.198	1520.661
21.876	18.208	1520.699
21.772	18.216	1520.724
21.663	18.225	1520.760
21.555	18.235	1520.790
21.495	18.245	1520.815
21.394	18.255	1520.830
21.279	18.264	1520.833
21.183	18.271	1520.836
21.097	18.278	1520.854
20.996	18.285	1520.865
20.887	18.290	1520.847
20.796	18.294	1520.846
20.695	18.296	1520.851
20.599	18.296	1520.846
20.498	18.296	1520.848
20.391	18.297	1520.851
20.293	18.298	1520.859
20.195	18.299	1520.851
20.088	18.301	1520.871
19.992	18.304	1520.896
19.873	18.308	1520.900
19.783	18.313	1520.905
19.693	18.317	1520.919
19.588	18.321	1520.935
19.499	18.324	1520.926
19.400	18.327	1520.920
19.298	18.328	1520.913
19.194	18.328	1520.903
19.093	18.328	1520.915
18.985	18.328	1520.924
18.897	18.329	1520.936
18.794	18.331	1520.941
18.695	18.334	1520.946
18.578	18.337	1520.940
18.496	18.340	1520.952
18.396	18.343	1520.956
18.287	18.345	1520.970
18.194	18.348	1520.968
18.089	18.350	1520.979
17.996	18.355	1521.001
17.892	18.360	1521.022
17.789	18.366	1521.025
17.693	18.373	1521.051
17.821	18.379	1521.057
17.827	18.384	1521.075
17.771	18.387	1521.053
17.698	18.389	1521.072
17.599	18.397	1521.175
17.498	18.405	1521.168
17.392	18.414	1521.177
17.289	18.424	1521.200
17.197	18.429	1521.253
17.087	18.436	1521.286
16.983	18.443	1521.313
16.885	18.450	1521.339
16.784	18.459	1521.408
16.691	18.469	1521.456
16.597	18.484	1521.442
16.496	18.503	1521.637
16.397	18.522	1521.614
16.295	18.541	1521.647
16.197	18.558	1521.677
16.091	18.572	1521.685
15.989	18.585	1521.692
15.897	18.596	1521.697
15.793	18.604	1521.701
15.696	18.610	1521.699
15.593	18.616	1521.708
15.494	18.619	1521.701
15.399	18.623	1521.705
15.288	18.627	1521.708
15.191	18.630	1521.712
15.089	18.632	1521.715
14.993	18.634	1521.716
14.886	18.635	1521.716
14.787	18.635	1521.712
14.685	18.636	1521.711
14.577	18.637	1521.711
14.485	18.638	1521.711
14.385	18.639	1521.715
14.278	18.641	1521.715
14.187	18.643	1521.718
14.097	18.644	1521.716
13.996	18.644	1521.710
13.894	18.644	1521.710
13.796	18.644	1521.709
13.690	18.644	1521.709
13.592	18.643	1521.705
13.493	18.644	1521.709
13.388	18.645	1521.714
13.291	18.646	1521.709
13.193	18.647	1521.711
13.092	18.648	1521.712
12.990	18.649	1521.711
12.896	18.650	1521.712
12.793	18.652	1521.714
12.697	18.654	1521.720
12.584	18.655	1521.719
12.491	18.657	1521.718
12.384	18.658	1521.720
12.286	18.658	1521.713
12.195	18.659	1521.710
12.096	18.660	1521.710
11.985	18.661	1521.716
11.888	18.662	1521.742
11.800	18.664	1521.739
11.697	18.667	1521.749
11.588	18.670	1521.751
11.484	18.673	1521.755
11.367	18.676	1521.756
11.291	18.677	1521.754
11.196	18.677	1521.742
11.098	18.678	1521.730
10.990	18.677	1521.738
10.888	18.677	1521.740
10.792	18.677	1521.739
10.699	18.677	1521.739
10.597	18.678	1521.740
10.494	18.678	1521.733
10.396	18.678	1521.732
10.286	18.679	1521.734
10.191	18.679	1521.733
10.085	18.680	1521.730
09.984	18.681	1521.747
09.886	18.682	1521.762
09.790	18.684	1521.776
09.688	18.687	1521.773
09.576	18.691	1521.770
09.490	18.694	1521.782
09.388	18.696	1521.789
09.281	18.698	1521.798
09.195	18.701	1521.805
09.084	18.704	1521.801
08.982	18.708	1521.838
08.885	18.715	1521.894
08.795	18.724	1522.000
08.700	18.737	1522.006
08.598	18.750	1522.009
08.487	18.761	1522.007
08.398	18.770	1522.018
08.297	18.776	1522.021
08.182	18.781	1522.024
08.081	18.784	1522.025
07.982	18.787	1522.025
07.889	18.789	1522.028
07.799	18.791	1522.030
07.688	18.793	1522.028
07.595	18.794	1522.029
07.492	18.796	1522.032
07.397	18.797	1522.033
07.297	18.798	1522.030
07.197	18.800	1522.038
07.094	18.801	1522.035
06.996	18.802	1522.035
06.892	18.802	1522.034
06.794	18.802	1522.036
06.694	18.802	1522.030
06.594	18.802	1522.031
06.498	18.802	1522.030
06.394	18.803	1522.029
06.281	18.803	1522.029
06.196	18.804	1522.031
06.091	18.804	1522.025
05.985	18.805	1522.026
05.887	18.805	1522.025
05.792	18.806	1522.022
05.682	18.806	1522.018
05.595	18.807	1522.019
05.495	18.807	1522.018
05.394	18.807	1522.013
05.287	18.807	1522.015
05.186	18.807	1522.014
05.091	18.807	1522.014
04.983	18.807	1522.019
04.893	18.807	1522.018
04.796	18.808	1522.014
04.689	18.808	1522.015
04.597	18.809	1522.014
04.491	18.810	1522.011
04.399	18.810	1522.009
04.293	18.810	1522.009
04.193	18.810	1522.002
04.099	18.811	1522.002
03.993	18.811	1522.002
03.889	18.812	1522.001
03.793	18.812	1522.001
03.692	18.812	1522.001
03.595	18.812	1521.998
03.483	18.812	1521.998
03.394	18.812	1522.001
03.289	18.813	1522.001
03.190	18.814	1522.001
03.092	18.815	1522.001
02.991	18.815	1522.000
02.892	18.816	1522.010
02.796	18.818	1522.013
02.686	18.820	1522.021
02.593	18.822	1522.025
02.499	18.824	1522.030
02.396	18.825	1522.030
02.294	18.828	1522.029
02.191	18.830	1522.034
02.098	18.831	1522.039
01.985	18.833	1522.046
01.892	18.834	1522.049
01.798	18.837	1522.051
01.686	18.841	1522.083
01.590	18.846	1522.128
01.493	18.853	1522.137
01.379	18.862	1522.209
01.273	18.873	1522.215
01.177	18.884	1522.270
01.096	18.896	1522.312
00.988	18.907	1522.334
00.890	18.917	1522.333
00.783	18.927	1522.362
00.689	18.936	1522.377
00.590	18.944	1522.390
00.496	18.953	1522.391
00.390	18.960	1522.426
00.299	18.966	0000.000
00.199	18.973	0000.000
00.099	19.077	0000.000
