Cruise name: Campagna_2013
cruise vessel: Nave Magnaghi
cast number: 1
cast start time: 14/06/2013 18:52:11
cast start latitude: 36°15'29.155
cast start longitude: 12°56'35.191
cast probe type: Idronaut
cast probe SN: 316-0902233
cast vessel depth: 270
Depth	Pressure	Temperature	Conductivity	Salinity	Sound Velocity (calc)
1.00	1.007	20.4901	51.6522	37.6450	1525.777
2.00	2.015	20.2889	51.4344	37.6450	1525.238
3.00	3.022	20.2467	51.3988	37.6531	1525.141
4.00	4.030	20.1966	51.3527	37.6598	1525.020
5.00	5.037	20.2080	51.3677	37.6618	1525.062
6.00	6.044	20.2210	51.3831	37.6627	1525.107
7.00	7.052	20.2288	51.3928	37.6635	1525.137
8.00	8.059	20.2328	51.3976	37.6638	1525.157
9.00	9.067	20.2305	51.3959	37.6642	1525.160
10.00	10.074	20.2211	51.3822	37.6611	1525.139
11.00	11.082	20.1635	51.3237	37.6640	1525.002
12.00	12.089	20.1447	51.3072	37.6668	1524.970
13.00	13.096	20.1175	51.2786	37.6671	1524.913
14.00	14.104	20.1013	51.2606	37.6663	1524.884
15.00	15.111	20.0637	51.2207	37.6666	1524.798
16.00	16.119	20.0227	51.1775	37.6671	1524.703
17.00	17.126	19.9825	51.1348	37.6675	1524.610
18.00	18.134	19.9434	51.0939	37.6683	1524.521
19.00	19.141	19.9089	51.0575	37.6688	1524.444
20.00	20.149	19.8812	51.0328	37.6727	1524.389
21.00	21.156	19.8723	51.0241	37.6730	1524.381
22.00	22.164	19.8624	51.0146	37.6737	1524.372
23.00	23.171	19.8518	51.0050	37.6749	1524.361
24.00	24.179	19.8413	50.9955	37.6760	1524.350
25.00	25.186	19.8307	50.9856	37.6769	1524.338
26.00	26.194	19.8180	50.9729	37.6775	1524.321
27.00	27.201	19.7981	50.9516	37.6772	1524.282
28.00	28.209	19.7631	50.9074	37.6714	1524.196
29.00	29.216	19.6961	50.8289	37.6659	1524.020
30.00	30.224	19.6160	50.7423	37.6653	1523.813
31.00	31.231	19.5299	50.6449	37.6611	1523.585
32.00	32.239	19.4158	50.5110	37.6514	1523.271
33.00	33.246	19.2847	50.3624	37.6447	1522.912
34.00	34.254	19.1439	50.2040	37.6384	1522.525
35.00	35.261	19.0019	50.0452	37.6329	1522.136
36.00	36.269	18.8597	49.8858	37.6270	1521.745
37.00	37.277	18.7160	49.7185	37.6157	1521.344
38.00	38.284	18.5666	49.5563	37.6136	1520.934
39.00	39.292	18.4381	49.4165	37.6115	1520.582
40.00	40.299	18.3213	49.2836	37.6044	1520.256
41.00	41.307	18.2071	49.1553	37.5988	1519.939
42.00	42.314	18.1126	49.0535	37.5977	1519.683
43.00	43.322	18.0251	48.9584	37.5958	1519.444
44.00	44.330	17.9371	48.8603	37.5918	1519.201
45.00	45.337	17.8409	48.7566	37.5904	1518.937
46.00	46.345	17.7406	48.6499	37.5903	1518.661
47.00	47.352	17.6404	48.5494	37.5953	1518.391
48.00	48.360	17.5464	48.4530	37.5981	1518.136
49.00	49.368	17.4496	48.3529	37.6001	1517.871
50.00	50.375	17.3303	48.2261	37.5997	1517.535
51.00	51.383	17.2031	48.0971	37.6046	1517.181
52.00	52.391	17.0769	47.9686	37.6090	1516.828
53.00	53.398	16.9515	47.8382	37.6108	1516.474
54.00	54.406	16.8223	47.7056	37.6142	1516.108
55.00	55.414	16.6894	47.5684	37.6170	1515.730
56.00	56.421	16.5587	47.4330	37.6191	1515.357
57.00	57.429	16.4331	47.3046	37.6228	1515.001
58.00	58.437	16.3135	47.1825	37.6263	1514.661
59.00	59.444	16.2042	47.0729	37.6311	1514.354
60.00	60.452	16.1140	46.9869	37.6391	1514.106
61.00	61.460	16.0299	46.9049	37.6447	1513.873
62.00	62.467	15.9442	46.8231	37.6521	1513.637
63.00	63.475	15.8545	46.7393	37.6614	1513.390
64.00	64.483	15.7695	46.6613	37.6713	1513.157
65.00	65.490	15.6918	46.5882	37.6789	1512.944
66.00	66.498	15.6159	46.5169	37.6863	1512.735
67.00	67.506	15.5471	46.4560	37.6964	1512.552
68.00	68.513	15.4811	46.3944	37.7030	1512.372
69.00	69.521	15.4246	46.3463	37.7131	1512.226
70.00	70.529	15.3725	46.3027	37.7228	1512.094
71.00	71.537	15.3315	46.2737	37.7354	1511.998
72.00	72.544	15.3036	46.2599	37.7492	1511.945
73.00	73.552	15.2955	46.2710	37.7667	1511.957
74.00	74.560	15.2994	46.2935	37.7831	1512.005
75.00	75.568	15.3096	46.3208	37.7979	1512.070
76.00	76.575	15.3189	46.3483	37.8137	1512.134
77.00	77.583	15.3262	46.3718	37.8277	1512.190
78.00	78.591	15.3382	46.4001	37.8416	1512.260
79.00	79.599	15.3418	46.4164	37.8527	1512.301
80.00	80.606	15.3466	46.4346	37.8643	1512.346
81.00	81.614	15.3496	46.4490	37.8742	1512.383
82.00	82.622	15.3466	46.4420	37.8703	1512.386
83.00	83.630	15.3259	46.4167	37.8666	1512.334
84.00	84.638	15.3042	46.4029	37.8746	1512.293
85.00	85.645	15.2883	46.3940	37.8814	1512.268
86.00	86.653	15.2681	46.3638	37.8727	1512.212
87.00	87.661	15.2261	46.3172	37.8701	1512.095
88.00	88.669	15.1829	46.2741	37.8719	1511.979
89.00	89.677	15.1384	46.2254	37.8698	1511.854
90.00	90.684	15.0858	46.1715	37.8708	1511.707
91.00	91.692	15.0306	46.1100	37.8672	1511.547
92.00	92.700	14.9745	46.0603	37.8753	1511.398
93.00	93.708	14.9262	46.0123	37.8776	1511.266
94.00	94.716	14.8772	45.9555	37.8723	1511.123
95.00	95.724	14.8255	45.8978	37.8689	1510.973
96.00	96.731	14.8112	45.9077	37.8914	1510.972
97.00	97.739	14.8198	45.9324	37.9055	1511.032
98.00	98.747	14.8391	45.9766	37.9270	1511.134
99.00	99.755	14.8723	46.0313	37.9447	1511.275
100.00	100.763	14.9255	46.1177	37.9721	1511.490
101.00	101.771	14.9943	46.2248	38.0033	1511.758
102.00	102.779	15.0691	46.3372	38.0336	1512.043
103.00	103.787	15.1476	46.4540	38.0645	1512.341
104.00	104.794	15.2203	46.5580	38.0891	1512.614
105.00	105.802	15.2921	46.6677	38.1198	1512.891
106.00	106.810	15.3293	46.7252	38.1360	1513.042
107.00	107.818	15.3654	46.7843	38.1548	1513.193
108.00	108.826	15.3789	46.7904	38.1468	1513.243
109.00	109.834	15.3244	46.7307	38.1444	1513.085
110.00	110.842	15.2524	46.6391	38.1297	1512.859
111.00	111.850	15.1673	46.5363	38.1174	1512.596
112.00	112.858	15.0826	46.4349	38.1063	1512.335
113.00	113.866	14.9942	46.3287	38.0941	1512.061
114.00	114.874	14.9072	46.2265	38.0843	1511.794
115.00	115.882	14.8169	46.1173	38.0713	1511.513
116.00	116.890	14.7322	46.0191	38.0630	1511.255
117.00	117.898	14.6466	45.9187	38.0534	1510.992
118.00	118.905	14.5754	45.8526	38.0614	1510.795
119.00	119.913	14.5638	45.8521	38.0719	1510.787
120.00	120.921	14.5585	45.8586	38.0827	1510.800
121.00	121.929	14.5528	45.8612	38.0903	1510.807
122.00	122.937	14.5472	45.8657	38.0995	1510.817
123.00	123.945	14.5488	45.8805	38.1114	1510.853
124.00	124.953	14.5557	45.9035	38.1256	1510.908
125.00	125.961	14.5657	45.9285	38.1386	1510.971
126.00	126.969	14.5764	45.9544	38.1518	1511.037
127.00	127.977	14.5898	45.9861	38.1678	1511.115
128.00	128.985	14.6041	46.0193	38.1842	1511.196
129.00	129.993	14.6173	46.0499	38.1993	1511.272
130.00	131.001	14.6289	46.0776	38.2132	1511.342
131.00	132.009	14.6401	46.1054	38.2275	1511.411
132.00	133.017	14.6545	46.1402	38.2453	1511.494
133.00	134.026	14.6682	46.1739	38.2627	1511.574
134.00	135.034	14.6811	46.2059	38.2794	1511.651
135.00	136.042	14.6935	46.2371	38.2958	1511.726
136.00	137.050	14.7053	46.2675	38.3120	1511.799
137.00	138.058	14.7150	46.2934	38.3261	1511.863
138.00	139.066	14.7241	46.3184	38.3399	1511.924
139.00	140.074	14.7348	46.3466	38.3551	1511.992
140.00	141.082	14.7472	46.3777	38.3714	1512.067
141.00	142.090	14.7598	46.4088	38.3873	1512.142
142.00	143.098	14.7686	46.4310	38.3989	1512.200
143.00	144.106	14.7759	46.4504	38.4092	1512.252
144.00	145.114	14.7837	46.4705	38.4198	1512.306
145.00	146.122	14.7918	46.4906	38.4300	1512.360
146.00	147.130	14.7993	46.5093	38.4396	1512.411
147.00	148.139	14.8058	46.5268	38.4489	1512.459
148.00	149.147	14.8117	46.5443	38.4589	1512.506
149.00	150.155	14.8165	46.5593	38.4677	1512.548
150.00	151.163	14.8209	46.5735	38.4760	1512.589
151.00	152.171	14.8265	46.5909	38.4862	1512.635
152.00	153.179	14.8331	46.6120	38.4988	1512.687
153.00	154.187	14.8403	46.6357	38.5132	1512.743
154.00	155.195	14.8464	46.6579	38.5274	1512.796
155.00	156.204	14.8515	46.6797	38.5421	1512.845
156.00	157.212	14.8563	46.7019	38.5575	1512.895
157.00	158.220	14.8616	46.7252	38.5734	1512.947
158.00	159.228	14.8673	46.7480	38.5885	1513.000
159.00	160.236	14.8730	46.7721	38.6048	1513.053
160.00	161.244	14.8780	46.7944	38.6202	1513.103
161.00	162.252	14.8814	46.8126	38.6332	1513.146
162.00	163.261	14.8834	46.8265	38.6436	1513.182
163.00	164.269	14.8845	46.8379	38.6527	1513.212
164.00	165.277	14.8852	46.8491	38.6620	1513.242
165.00	166.285	14.8853	46.8593	38.6709	1513.269
166.00	167.293	14.8846	46.8682	38.6794	1513.294
167.00	168.302	14.8830	46.8760	38.6878	1513.315
168.00	169.310	14.8805	46.8828	38.6961	1513.334
169.00	170.318	14.8767	46.8871	38.7034	1513.347
170.00	171.326	14.8726	46.8913	38.7110	1513.360
171.00	172.334	14.8671	46.8947	38.7192	1513.369
172.00	173.343	14.8615	46.8976	38.7270	1513.377
173.00	174.351	14.8553	46.8993	38.7343	1513.383
174.00	175.359	14.8487	46.8999	38.7409	1513.387
175.00	176.367	14.8425	46.9000	38.7468	1513.391
176.00	177.376	14.8369	46.8999	38.7518	1513.396
177.00	178.384	14.8314	46.8993	38.7563	1513.401
178.00	179.392	14.8261	46.8988	38.7607	1513.406
179.00	180.400	14.8206	46.8982	38.7651	1513.411
180.00	181.409	14.8151	46.8974	38.7695	1513.415
181.00	182.417	14.8108	46.8969	38.7729	1513.422
182.00	183.425	14.8063	46.8965	38.7765	1513.429
183.00	184.434	14.8024	46.8964	38.7799	1513.438
184.00	185.442	14.7991	46.8962	38.7825	1513.447
185.00	186.450	14.7955	46.8956	38.7852	1513.456
186.00	187.458	14.7907	46.8945	38.7885	1513.461
187.00	188.467	14.7862	46.8935	38.7916	1513.467
188.00	189.475	14.7817	46.8922	38.7944	1513.473
189.00	190.483	14.7775	46.8906	38.7966	1513.479
190.00	191.492	14.7734	46.8887	38.7986	1513.485
191.00	192.500	14.7690	46.8867	38.8007	1513.491
192.00	193.508	14.7646	46.8841	38.8021	1513.495
193.00	194.517	14.7591	46.8810	38.8042	1513.497
194.00	195.525	14.7526	46.8772	38.8069	1513.497
195.00	196.533	14.7460	46.8737	38.8098	1513.496
196.00	197.542	14.7401	46.8703	38.8120	1513.497
197.00	198.550	14.7340	46.8664	38.8141	1513.497
198.00	199.558	14.7272	46.8623	38.8165	1513.495
199.00	200.567	14.7205	46.8582	38.8190	1513.493
200.00	201.575	14.7138	46.8542	38.8215	1513.492
201.00	202.583	14.7071	46.8503	38.8241	1513.491
202.00	203.592	14.7001	46.8462	38.8269	1513.489
203.00	204.600	14.6934	46.8419	38.8291	1513.487
204.00	205.609	14.6873	46.8377	38.8309	1513.486
205.00	206.617	14.6811	46.8334	38.8326	1513.485
206.00	207.625	14.6746	46.8288	38.8344	1513.484
207.00	208.634	14.6680	46.8242	38.8362	1513.482
208.00	209.642	14.6621	46.8200	38.8377	1513.482
209.00	210.651	14.6569	46.8161	38.8390	1513.484
210.00	211.659	14.6518	46.8123	38.8400	1513.485
211.00	212.667	14.6462	46.8079	38.8411	1513.486
212.00	213.676	14.6412	46.8045	38.8425	1513.488
213.00	214.684	14.6373	46.8016	38.8432	1513.494
214.00	215.693	14.6336	46.7991	38.8442	1513.500
215.00	216.701	14.6296	46.7959	38.8447	1513.505
216.00	217.710	14.6255	46.7928	38.8454	1513.509
217.00	218.718	14.6218	46.7900	38.8462	1513.515
218.00	219.726	14.6176	46.7866	38.8466	1513.519
219.00	220.735	14.6115	46.7811	38.8473	1513.517
220.00	221.743	14.6043	46.7747	38.8481	1513.512
221.00	222.752	14.5975	46.7687	38.8488	1513.508
222.00	223.760	14.5908	46.7626	38.8494	1513.505
223.00	224.769	14.5839	46.7566	38.8502	1513.500
224.00	225.777	14.5771	46.7506	38.8510	1513.497
225.00	226.786	14.5713	46.7457	38.8517	1513.496
226.00	227.794	14.5661	46.7409	38.8521	1513.497
227.00	228.803	14.5609	46.7363	38.8525	1513.498
228.00	229.811	14.5566	46.7327	38.8530	1513.501
229.00	230.820	14.5544	46.7309	38.8531	1513.511
230.00	231.828	14.5508	46.7274	38.8529	1513.516
231.00	232.837	14.5454	46.7220	38.8528	1513.516
232.00	233.845	14.5400	46.7165	38.8526	1513.515
233.00	234.854	14.5343	46.7106	38.8525	1513.514
234.00	235.862	14.5281	46.7043	38.8523	1513.510
235.00	236.871	14.5213	46.6975	38.8524	1513.506
236.00	237.879	14.5144	46.6908	38.8525	1513.501
237.00	238.888	14.5075	46.6838	38.8525	1513.496
238.00	239.897	14.5001	46.6763	38.8525	1513.489
239.00	240.905	14.4916	46.6680	38.8527	1513.479
240.00	241.914	14.4851	46.6619	38.8531	1513.476
241.00	242.922	14.4794	46.6566	38.8534	1513.475
242.00	243.931	14.4716	46.6488	38.8534	1513.467
243.00	244.939	14.4631	46.6403	38.8537	1513.457
244.00	245.948	14.4550	46.6323	38.8538	1513.448
245.00	246.957	14.4473	46.6246	38.8539	1513.440
246.00	247.965	14.4396	46.6170	38.8540	1513.433
247.00	248.974	14.4322	46.6096	38.8541	1513.426
248.00	249.982	14.4246	46.6021	38.8542	1513.419
249.00	250.991	14.4178	46.5953	38.8543	1513.414
250.00	252.000	14.4115	46.5890	38.8543	1513.411
251.00	253.008	14.4063	46.5840	38.8543	1513.411
252.00	254.017	14.4032	46.5812	38.8544	1513.418
253.00	255.025	14.4005	46.5788	38.8544	1513.426
254.00	256.034	14.3978	46.5764	38.8544	1513.434
255.00	257.043	14.3948	46.5737	38.8544	1513.442
256.00	258.051	14.3919	46.5710	38.8544	1513.449
257.00	259.060	14.3886	46.5679	38.8543	1513.455
258.00	260.069	14.3849	46.5643	38.8542	1513.460
259.00	261.077	14.3810	46.5605	38.8541	1513.464
260.00	262.086	14.3770	46.5566	38.8540	1513.468
261.00	263.095	14.3730	46.5529	38.8541	1513.472
262.00	264.103	14.3694	46.5496	38.8542	1513.478
263.00	265.112	14.3662	46.5472	38.8547	1513.485
264.00	266.121	14.3633	46.5446	38.8547	1513.493
