Call Sign                      | WTDH
Latitude                       | 01 00.00 N
Longitude                      | 162 00.00 W
Transect Name                  | EX01
Transect Number                | 0
Sequence Number                | 4
Year                           | 2017
Month                          | 01
Day                            | 27
Hour                           | 19
Minute                         | 33
Ship Name                      | Okeanos Explorer
IMO Number                     | 8835114
SEAS ID                        | 2B21204D
SEAS Version                   | 920
Probe Serial Number            | 8901237
Probe Manufacture Date         | 10/29/2015
Data Type                      | 1 (Full Resolution)
Data Quality                   | 0 (Data Not Suspect)
Deployment Height (meters)     | 5.00
Ship Direction                 | 0
Ship Speed (knots)             | 0.00
Instrument Type                | Sippican Deep Blue (Code 52)
Recorder Type                  | Sippican MK-21 (Code 6)
Wind Instrument Type           | 
Wind Direction                 | -1
Wind Speed (knots)             | -1
Dry Bulb Temperature (celsius) | -1.00
Current Measurement Method     | 
Current Direction              | -1
Current Speed (knots)          | -1
Total Water Depth (meters)     | -1
===================================================================
Full Resolution Values
   Depth	 Temperature
    0.67	 26.25
    1.34	 26.14
    2.01	 26.09
    2.68	 26.07
    3.34	 26.06
    4.01	 26.04
    4.68	 26.03
    5.35	 26.01
    6.02	 26.01
    6.69	 26.00
    7.36	 26.00
    8.03	 25.99
    8.69	 25.98
    9.36	 25.98
   10.03	 25.97
   10.70	 25.97
   11.37	 25.97
   12.04	 25.97
   12.70	 25.97
   13.37	 25.97
   14.04	 25.97
   14.71	 25.97
   15.38	 25.97
   16.05	 25.97
   16.71	 25.97
   17.38	 25.97
   18.05	 25.96
   18.72	 25.96
   19.38	 25.96
   20.05	 25.96
   20.72	 25.96
   21.39	 25.96
   22.06	 25.97
   22.72	 25.97
   23.39	 25.97
   24.06	 25.97
   24.73	 25.97
   25.39	 25.97
   26.06	 25.97
   26.73	 25.97
   27.40	 25.97
   28.06	 25.97
   28.73	 25.97
   29.40	 25.97
   30.06	 25.97
   30.73	 25.97
   31.40	 25.97
   32.06	 25.97
   32.73	 25.97
   33.40	 25.97
   34.07	 25.96
   34.73	 25.95
   35.40	 25.95
   36.07	 25.96
   36.73	 25.96
   37.40	 25.96
   38.07	 25.96
   38.73	 25.96
   39.40	 25.96
   40.06	 25.96
   40.73	 25.96
   41.40	 25.95
   42.06	 25.95
   42.73	 25.95
   43.40	 25.95
   44.06	 25.95
   44.73	 25.94
   45.39	 25.94
   46.06	 25.94
   46.73	 25.93
   47.39	 25.93
   48.06	 25.93
   48.72	 25.93
   49.39	 25.93
   50.06	 25.93
   50.72	 25.93
   51.39	 25.93
   52.05	 25.93
   52.72	 25.92
   53.38	 25.92
   54.05	 25.92
   54.71	 25.92
   55.38	 25.92
   56.05	 25.92
   56.71	 25.92
   57.38	 25.92
   58.04	 25.92
   58.71	 25.92
   59.37	 25.92
   60.04	 25.92
   60.70	 25.92
   61.37	 25.92
   62.03	 25.92
   62.70	 25.92
   63.36	 25.92
   64.03	 25.91
   64.69	 25.91
   65.36	 25.91
   66.02	 25.91
   66.68	 25.91
   67.35	 25.91
   68.01	 25.91
   68.68	 25.91
   69.34	 25.91
   70.01	 25.91
   70.67	 25.91
   71.34	 25.91
   72.00	 25.90
   72.66	 25.90
   73.33	 25.90
   73.99	 25.90
   74.66	 25.89
   75.32	 25.89
   75.98	 25.89
   76.65	 25.89
   77.31	 25.89
   77.98	 25.89
   78.64	 25.89
   79.30	 25.89
   79.97	 25.89
   80.63	 25.89
   81.30	 25.89
   81.96	 25.88
   82.62	 25.88
   83.29	 25.88
   83.95	 25.88
   84.61	 25.87
   85.28	 25.87
   85.94	 25.86
   86.60	 25.84
   87.27	 25.83
   87.93	 25.81
   88.59	 25.75
   89.26	 25.70
   89.92	 25.67
   90.58	 25.65
   91.24	 25.64
   91.91	 25.64
   92.57	 25.63
   93.23	 25.64
   93.90	 25.64
   94.56	 25.66
   95.22	 25.67
   95.88	 25.69
   96.55	 25.70
   97.21	 25.69
   97.87	 25.69
   98.53	 25.70
   99.20	 25.71
   99.86	 25.72
  100.52	 25.73
  101.18	 25.74
  101.85	 25.74
  102.51	 25.75
  103.17	 25.75
  103.83	 25.75
  104.49	 25.73
  105.16	 25.71
  105.82	 25.69
  106.48	 25.67
  107.14	 25.66
  107.80	 25.64
  108.47	 25.62
  109.13	 25.58
  109.79	 25.53
  110.45	 25.46
  111.11	 25.41
  111.77	 25.37
  112.44	 25.32
  113.10	 25.27
  113.76	 25.23
  114.42	 25.20
  115.08	 25.18
  115.74	 25.16
  116.40	 25.15
  117.06	 25.15
  117.73	 25.14
  118.39	 25.13
  119.05	 25.13
  119.71	 25.12
  120.37	 25.11
  121.03	 25.09
  121.69	 25.08
  122.35	 25.08
  123.01	 25.07
  123.67	 25.06
  124.33	 25.05
  125.00	 25.04
  125.66	 25.03
  126.32	 25.01
  126.98	 24.97
  127.64	 24.92
  128.30	 24.85
  128.96	 24.75
  129.62	 24.66
  130.28	 24.61
  130.94	 24.58
  131.60	 24.55
  132.26	 24.51
  132.92	 24.47
  133.58	 24.42
  134.24	 24.36
  134.90	 24.31
  135.56	 24.26
  136.22	 24.20
  136.88	 24.14
  137.54	 24.07
  138.20	 23.97
  138.86	 23.83
  139.52	 23.68
  140.18	 23.52
  140.84	 23.38
  141.50	 23.29
  142.16	 23.20
  142.82	 23.06
  143.48	 22.93
  144.14	 22.73
  144.79	 22.52
  145.45	 22.39
  146.11	 22.34
  146.77	 22.31
  147.43	 22.26
  148.09	 22.20
  148.75	 22.14
  149.41	 22.06
  150.07	 21.96
  150.73	 21.82
  151.39	 21.65
  152.04	 21.47
  152.70	 21.29
  153.36	 21.13
  154.02	 21.00
  154.68	 20.93
  155.34	 20.89
  156.00	 20.85
  156.65	 20.77
  157.31	 20.69
  157.97	 20.64
  158.63	 20.59
  159.29	 20.53
  159.95	 20.41
  160.60	 20.30
  161.26	 20.25
  161.92	 20.20
  162.58	 20.04
  163.24	 19.85
  163.90	 19.72
  164.55	 19.63
  165.21	 19.57
  165.87	 19.52
  166.53	 19.44
  167.18	 19.27
  167.84	 18.90
  168.50	 18.54
  169.16	 18.25
  169.82	 18.01
  170.47	 17.84
  171.13	 17.72
  171.79	 17.67
  172.45	 17.62
  173.10	 17.48
  173.76	 17.27
  174.42	 17.10
  175.07	 16.96
  175.73	 16.85
  176.39	 16.80
  177.05	 16.78
  177.70	 16.75
  178.36	 16.70
  179.02	 16.60
  179.67	 16.49
  180.33	 16.36
  180.99	 16.18
  181.64	 15.95
  182.30	 15.72
  182.96	 15.48
  183.61	 15.25
  184.27	 15.10
  184.93	 14.98
  185.58	 14.86
  186.24	 14.76
  186.90	 14.68
  187.55	 14.63
  188.21	 14.57
  188.87	 14.49
  189.52	 14.43
  190.18	 14.39
  190.83	 14.35
  191.49	 14.32
  192.15	 14.29
  192.80	 14.25
  193.46	 14.19
  194.11	 14.15
  194.77	 14.12
  195.43	 14.08
  196.08	 14.05
  196.74	 14.00
  197.39	 13.91
  198.05	 13.80
  198.71	 13.70
  199.36	 13.64
  200.02	 13.56
  200.67	 13.50
  201.33	 13.47
  201.98	 13.44
  202.64	 13.42
  203.29	 13.40
  203.95	 13.36
  204.60	 13.27
  205.26	 13.20
  205.91	 13.15
  206.57	 13.10
  207.22	 13.06
  207.88	 13.04
  208.53	 13.03
  209.19	 13.01
  209.84	 12.98
  210.50	 12.95
  211.15	 12.91
  211.81	 12.87
  212.46	 12.84
  213.12	 12.83
  213.77	 12.83
  214.43	 12.82
  215.08	 12.82
  215.74	 12.82
  216.39	 12.82
  217.04	 12.81
  217.70	 12.80
  218.35	 12.81
  219.01	 12.82
  219.66	 12.83
  220.32	 12.82
  220.97	 12.77
  221.62	 12.73
  222.28	 12.71
  222.93	 12.69
  223.59	 12.67
  224.24	 12.65
  224.89	 12.63
  225.55	 12.62
  226.20	 12.61
  226.85	 12.61
  227.51	 12.60
  228.16	 12.60
  228.81	 12.59
  229.47	 12.59
  230.12	 12.59
  230.78	 12.57
  231.43	 12.56
  232.08	 12.54
  232.74	 12.53
  233.39	 12.51
  234.04	 12.50
  234.69	 12.49
  235.35	 12.48
  236.00	 12.48
  236.65	 12.48
  237.31	 12.48
  237.96	 12.48
  238.61	 12.49
  239.27	 12.49
  239.92	 12.49
  240.57	 12.49
  241.22	 12.49
  241.88	 12.50
  242.53	 12.50
  243.18	 12.50
  243.83	 12.49
  244.49	 12.50
  245.14	 12.50
  245.79	 12.49
  246.44	 12.50
  247.10	 12.50
  247.75	 12.50
  248.40	 12.50
  249.05	 12.50
  249.70	 12.50
  250.36	 12.51
  251.01	 12.51
  251.66	 12.51
  252.31	 12.51
  252.96	 12.51
  253.62	 12.50
  254.27	 12.48
  254.92	 12.47
  255.57	 12.47
  256.22	 12.46
  256.88	 12.45
  257.53	 12.45
  258.18	 12.44
  258.83	 12.43
  259.48	 12.43
  260.13	 12.42
  260.78	 12.41
  261.44	 12.41
  262.09	 12.40
  262.74	 12.39
  263.39	 12.38
  264.04	 12.38
  264.69	 12.38
  265.34	 12.37
  265.99	 12.37
  266.64	 12.37
  267.29	 12.36
  267.95	 12.36
  268.60	 12.35
  269.25	 12.34
  269.90	 12.33
  270.55	 12.31
  271.20	 12.29
  271.85	 12.26
  272.50	 12.24
  273.15	 12.22
  273.80	 12.22
  274.45	 12.21
  275.10	 12.21
  275.75	 12.21
  276.40	 12.20
  277.05	 12.19
  277.70	 12.17
  278.35	 12.13
  279.00	 12.11
  279.65	 12.10
  280.30	 12.09
  280.95	 12.08
  281.60	 12.08
  282.25	 12.07
  282.90	 12.07
  283.55	 12.07
  284.20	 12.07
  284.85	 12.06
  285.50	 12.06
  286.15	 12.06
  286.80	 12.05
  287.45	 12.05
  288.10	 12.05
  288.75	 12.04
  289.40	 12.04
  290.05	 12.04
  290.70	 12.03
  291.35	 12.01
  292.00	 11.99
  292.64	 11.98
  293.29	 11.97
  293.94	 11.97
  294.59	 11.96
  295.24	 11.95
  295.89	 11.94
  296.54	 11.92
  297.19	 11.91
  297.84	 11.90
  298.49	 11.89
  299.13	 11.88
  299.78	 11.86
  300.43	 11.85
  301.08	 11.84
  301.73	 11.83
  302.38	 11.82
  303.02	 11.82
  303.67	 11.81
  304.32	 11.81
  304.97	 11.80
  305.62	 11.80
  306.27	 11.80
  306.91	 11.80
  307.56	 11.79
  308.21	 11.78
  308.86	 11.78
  309.51	 11.77
  310.15	 11.76
  310.80	 11.76
  311.45	 11.76
  312.10	 11.76
  312.75	 11.76
  313.39	 11.76
  314.04	 11.76
  314.69	 11.76
  315.34	 11.75
  315.98	 11.75
  316.63	 11.75
  317.28	 11.75
  317.93	 11.75
  318.57	 11.75
  319.22	 11.75
  319.87	 11.75
  320.52	 11.74
  321.16	 11.74
  321.81	 11.73
  322.46	 11.73
  323.10	 11.73
  323.75	 11.73
  324.40	 11.73
  325.04	 11.73
  325.69	 11.72
  326.34	 11.72
  326.99	 11.72
  327.63	 11.71
  328.28	 11.70
  328.92	 11.70
  329.57	 11.70
  330.22	 11.69
  330.86	 11.69
  331.51	 11.69
  332.16	 11.68
  332.80	 11.67
  333.45	 11.66
  334.10	 11.66
  334.74	 11.65
  335.39	 11.65
  336.03	 11.64
  336.68	 11.63
  337.33	 11.63
  337.97	 11.62
  338.62	 11.62
  339.26	 11.62
  339.91	 11.62
  340.56	 11.62
  341.20	 11.62
  341.85	 11.62
  342.49	 11.62
  343.14	 11.62
  343.78	 11.62
  344.43	 11.62
  345.08	 11.62
  345.72	 11.62
  346.37	 11.62
  347.01	 11.62
  347.66	 11.62
  348.30	 11.62
  348.95	 11.62
  349.59	 11.62
  350.24	 11.62
  350.88	 11.62
  351.53	 11.61
  352.17	 11.61
  352.82	 11.61
  353.46	 11.61
  354.11	 11.60
  354.75	 11.60
  355.40	 11.60
  356.04	 11.60
  356.69	 11.60
  357.33	 11.60
  357.98	 11.60
  358.62	 11.60
  359.27	 11.60
  359.91	 11.59
  360.55	 11.58
  361.20	 11.58
  361.84	 11.58
  362.49	 11.58
  363.13	 11.58
  363.78	 11.56
  364.42	 11.55
  365.06	 11.54
  365.71	 11.53
  366.35	 11.52
  367.00	 11.51
  367.64	 11.50
  368.28	 11.50
  368.93	 11.50
  369.57	 11.49
  370.22	 11.49
  370.86	 11.49
  371.50	 11.48
  372.15	 11.48
  372.79	 11.46
  373.43	 11.44
  374.08	 11.42
  374.72	 11.40
  375.36	 11.39
  376.01	 11.37
  376.65	 11.36
  377.29	 11.34
  377.94	 11.32
  378.58	 11.30
  379.22	 11.29
  379.87	 11.29
  380.51	 11.28
  381.15	 11.27
  381.79	 11.27
  382.44	 11.26
  383.08	 11.25
  383.72	 11.24
  384.37	 11.24
  385.01	 11.23
  385.65	 11.23
  386.29	 11.22
  386.94	 11.22
  387.58	 11.22
  388.22	 11.22
  388.86	 11.22
  389.51	 11.22
  390.15	 11.21
  390.79	 11.20
  391.43	 11.17
  392.08	 11.14
  392.72	 11.10
  393.36	 11.07
  394.00	 11.05
  394.64	 11.03
  395.29	 11.01
  395.93	 11.01
  396.57	 11.00
  397.21	 10.99
  397.85	 10.99
  398.50	 10.99
  399.14	 10.98
  399.78	 10.97
  400.42	 10.96
  401.06	 10.95
  401.70	 10.94
  402.35	 10.93
  402.99	 10.92
  403.63	 10.91
  404.27	 10.90
  404.91	 10.89
  405.55	 10.89
  406.19	 10.87
  406.83	 10.85
  407.48	 10.83
  408.12	 10.82
  408.76	 10.82
  409.40	 10.81
  410.04	 10.81
  410.68	 10.80
  411.32	 10.77
  411.96	 10.73
  412.60	 10.71
  413.24	 10.70
  413.88	 10.68
  414.52	 10.66
  415.17	 10.63
  415.81	 10.61
  416.45	 10.58
  417.09	 10.55
  417.73	 10.53
  418.37	 10.51
  419.01	 10.48
  419.65	 10.44
  420.29	 10.41
  420.93	 10.39
  421.57	 10.36
  422.21	 10.35
  422.85	 10.34
  423.49	 10.33
  424.13	 10.31
  424.77	 10.29
  425.41	 10.26
  426.05	 10.24
  426.69	 10.20
  427.33	 10.16
  427.97	 10.13
  428.61	 10.11
  429.25	 10.09
  429.89	 10.08
  430.53	 10.08
  431.17	 10.07
  431.80	 10.07
  432.44	 10.06
  433.08	 10.05
  433.72	 10.03
  434.36	 10.02
  435.00	 10.00
  435.64	  9.98
  436.28	  9.95
  436.92	  9.92
  437.56	  9.90
  438.20	  9.88
  438.84	  9.87
  439.47	  9.86
  440.11	  9.86
  440.75	  9.85
  441.39	  9.85
  442.03	  9.85
  442.67	  9.85
  443.31	  9.85
  443.95	  9.84
  444.58	  9.83
  445.22	  9.82
  445.86	  9.81
  446.50	  9.80
  447.14	  9.76
  447.78	  9.66
  448.41	  9.57
  449.05	  9.53
  449.69	  9.50
  450.33	  9.48
  450.97	  9.47
  451.60	  9.43
  452.24	  9.37
  452.88	  9.32
  453.52	  9.28
  454.16	  9.24
  454.79	  9.21
  455.43	  9.19
  456.07	  9.15
  456.71	  9.09
  457.35	  9.03
  457.98	  8.99
  458.62	  8.97
  459.26	  8.96
  459.90	  8.95
  460.53	  8.93
  461.17	  8.91
  461.81	  8.90
  462.44	  8.89
  463.08	  8.87
  463.72	  8.85
  464.36	  8.81
  464.99	  8.78
  465.63	  8.76
  466.27	  8.73
  466.90	  8.72
  467.54	  8.70
  468.18	  8.69
  468.81	  8.68
  469.45	  8.67
  470.09	  8.66
  470.72	  8.65
  471.36	  8.62
  472.00	  8.60
  472.63	  8.56
  473.27	  8.53
  473.91	  8.50
  474.54	  8.48
  475.18	  8.47
  475.82	  8.46
  476.45	  8.45
  477.09	  8.43
  477.73	  8.41
  478.36	  8.40
  479.00	  8.39
  479.63	  8.38
  480.27	  8.37
  480.91	  8.36
  481.54	  8.36
  482.18	  8.35
  482.81	  8.35
  483.45	  8.34
  484.08	  8.34
  484.72	  8.33
  485.36	  8.32
  485.99	  8.32
  486.63	  8.31
  487.26	  8.30
  487.90	  8.26
  488.53	  8.20
  489.17	  8.15
  489.80	  8.10
  490.44	  8.05
  491.07	  8.01
  491.71	  7.98
  492.34	  7.97
  492.98	  7.96
  493.62	  7.95
  494.25	  7.94
  494.89	  7.93
  495.52	  7.92
  496.15	  7.91
  496.79	  7.89
  497.42	  7.85
  498.06	  7.83
  498.69	  7.80
  499.33	  7.75
  499.96	  7.72
  500.60	  7.70
  501.23	  7.68
  501.87	  7.67
  502.50	  7.66
  503.14	  7.66
  503.77	  7.66
  504.40	  7.66
  505.04	  7.66
  505.67	  7.66
  506.31	  7.66
  506.94	  7.65
  507.57	  7.65
  508.21	  7.65
  508.84	  7.65
  509.48	  7.65
  510.11	  7.65
  510.74	  7.65
  511.38	  7.64
  512.01	  7.62
  512.65	  7.58
  513.28	  7.55
  513.91	  7.53
  514.55	  7.52
  515.18	  7.51
  515.81	  7.50
  516.45	  7.49
  517.08	  7.46
  517.71	  7.44
  518.35	  7.42
  518.98	  7.41
  519.61	  7.40
  520.25	  7.40
  520.88	  7.40
  521.51	  7.40
  522.15	  7.40
  522.78	  7.40
  523.41	  7.40
  524.04	  7.40
  524.68	  7.39
  525.31	  7.39
  525.94	  7.39
  526.58	  7.40
  527.21	  7.40
  527.84	  7.40
  528.47	  7.39
  529.11	  7.39
  529.74	  7.40
  530.37	  7.40
  531.00	  7.39
  531.64	  7.39
  532.27	  7.39
  532.90	  7.39
  533.53	  7.39
  534.17	  7.39
  534.80	  7.39
  535.43	  7.39
  536.06	  7.39
  536.69	  7.39
  537.33	  7.39
  537.96	  7.39
  538.59	  7.39
  539.22	  7.38
  539.85	  7.37
  540.48	  7.36
  541.12	  7.35
  541.75	  7.34
  542.38	  7.34
  543.01	  7.33
  543.64	  7.33
  544.27	  7.32
  544.91	  7.32
  545.54	  7.31
  546.17	  7.30
  546.80	  7.29
  547.43	  7.29
  548.06	  7.28
  548.69	  7.27
  549.32	  7.25
  549.95	  7.24
  550.59	  7.23
  551.22	  7.22
  551.85	  7.21
  552.48	  7.20
  553.11	  7.20
  553.74	  7.19
  554.37	  7.18
  555.00	  7.17
  555.63	  7.17
  556.26	  7.16
  556.89	  7.15
  557.52	  7.15
  558.15	  7.15
  558.78	  7.15
  559.42	  7.15
  560.05	  7.15
  560.68	  7.15
  561.31	  7.15
  561.94	  7.15
  562.57	  7.15
  563.20	  7.15
  563.83	  7.14
  564.46	  7.14
  565.09	  7.14
  565.72	  7.14
  566.35	  7.14
  566.98	  7.14
  567.61	  7.13
  568.24	  7.13
  568.87	  7.12
  569.50	  7.11
  570.12	  7.10
  570.75	  7.09
  571.38	  7.07
  572.01	  7.06
  572.64	  7.05
  573.27	  7.04
  573.90	  7.04
  574.53	  7.03
  575.16	  7.03
  575.79	  7.03
  576.42	  7.02
  577.05	  7.01
  577.68	  7.00
  578.31	  7.00
  578.93	  6.99
  579.56	  6.99
  580.19	  6.99
  580.82	  6.98
  581.45	  6.97
  582.08	  6.97
  582.71	  6.97
  583.34	  6.97
  583.97	  6.97
  584.59	  6.97
  585.22	  6.97
  585.85	  6.97
  586.48	  6.96
  587.11	  6.96
  587.74	  6.96
  588.36	  6.95
  588.99	  6.95
  589.62	  6.95
  590.25	  6.94
  590.88	  6.94
  591.50	  6.94
  592.13	  6.93
  592.76	  6.93
  593.39	  6.93
  594.02	  6.93
  594.64	  6.92
  595.27	  6.92
  595.90	  6.92
  596.53	  6.91
  597.16	  6.91
  597.78	  6.91
  598.41	  6.90
  599.04	  6.90
  599.67	  6.89
  600.29	  6.88
  600.92	  6.88
  601.55	  6.87
  602.18	  6.87
  602.80	  6.86
  603.43	  6.85
  604.06	  6.84
  604.68	  6.83
  605.31	  6.82
  605.94	  6.82
  606.57	  6.82
  607.19	  6.81
  607.82	  6.81
  608.45	  6.81
  609.07	  6.80
  609.70	  6.80
  610.33	  6.79
  610.95	  6.79
  611.58	  6.78
  612.21	  6.78
  612.83	  6.77
  613.46	  6.77
  614.09	  6.77
  614.71	  6.77
  615.34	  6.77
  615.97	  6.77
  616.59	  6.76
  617.22	  6.76
  617.84	  6.75
  618.47	  6.75
  619.10	  6.75
  619.72	  6.75
  620.35	  6.74
  620.97	  6.74
  621.60	  6.74
  622.23	  6.74
  622.85	  6.73
  623.48	  6.73
  624.10	  6.72
  624.73	  6.72
  625.35	  6.71
  625.98	  6.71
  626.61	  6.71
  627.23	  6.70
  627.86	  6.70
  628.48	  6.69
  629.11	  6.68
  629.73	  6.67
  630.36	  6.67
  630.98	  6.67
  631.61	  6.67
  632.23	  6.66
  632.86	  6.65
  633.48	  6.64
  634.11	  6.64
  634.73	  6.64
  635.36	  6.63
  635.98	  6.63
  636.61	  6.63
  637.23	  6.63
  637.86	  6.63
  638.48	  6.62
  639.11	  6.62
  639.73	  6.62
  640.36	  6.62
  640.98	  6.62
  641.61	  6.62
  642.23	  6.62
  642.85	  6.61
  643.48	  6.61
  644.10	  6.61
  644.73	  6.61
  645.35	  6.60
  645.98	  6.61
  646.60	  6.60
  647.22	  6.60
  647.85	  6.60
  648.47	  6.60
  649.10	  6.59
  649.72	  6.59
  650.34	  6.58
  650.97	  6.58
  651.59	  6.58
  652.22	  6.58
  652.84	  6.57
  653.46	  6.57
  654.09	  6.57
  654.71	  6.56
  655.33	  6.55
  655.96	  6.54
  656.58	  6.53
  657.20	  6.52
  657.83	  6.52
  658.45	  6.51
  659.07	  6.50
  659.70	  6.49
  660.32	  6.48
  660.94	  6.47
  661.57	  6.46
  662.19	  6.46
  662.81	  6.45
  663.43	  6.45
  664.06	  6.44
  664.68	  6.43
  665.30	  6.42
  665.93	  6.41
  666.55	  6.40
  667.17	  6.39
  667.79	  6.38
  668.42	  6.37
  669.04	  6.36
  669.66	  6.35
  670.28	  6.34
  670.91	  6.34
  671.53	  6.34
  672.15	  6.34
  672.77	  6.33
  673.39	  6.33
  674.02	  6.33
  674.64	  6.33
  675.26	  6.32
  675.88	  6.32
  676.51	  6.32
  677.13	  6.31
  677.75	  6.31
  678.37	  6.30
  678.99	  6.29
  679.61	  6.28
  680.24	  6.28
  680.86	  6.27
  681.48	  6.25
  682.10	  6.23
  682.72	  6.23
  683.34	  6.22
  683.97	  6.22
  684.59	  6.22
  685.21	  6.21
  685.83	  6.21
  686.45	  6.21
  687.07	  6.21
  687.69	  6.21
  688.31	  6.20
  688.93	  6.20
  689.56	  6.20
  690.18	  6.20
  690.80	  6.20
  691.42	  6.19
  692.04	  6.19
  692.66	  6.18
  693.28	  6.18
  693.90	  6.18
  694.52	  6.18
  695.14	  6.17
  695.76	  6.16
  696.38	  6.16
  697.00	  6.15
  697.62	  6.15
  698.25	  6.14
  698.87	  6.14
  699.49	  6.13
  700.11	  6.13
  700.73	  6.13
  701.35	  6.13
  701.97	  6.12
  702.59	  6.12
  703.21	  6.12
  703.83	  6.11
  704.45	  6.11
  705.07	  6.10
  705.69	  6.10
  706.31	  6.10
  706.93	  6.10
  707.55	  6.10
  708.17	  6.09
  708.78	  6.08
  709.40	  6.07
  710.02	  6.07
  710.64	  6.06
  711.26	  6.06
  711.88	  6.05
  712.50	  6.05
  713.12	  6.04
  713.74	  6.04
  714.36	  6.04
  714.98	  6.04
  715.60	  6.03
  716.22	  6.03
  716.84	  6.03
  717.46	  6.02
  718.07	  6.02
  718.69	  6.02
  719.31	  6.01
  719.93	  6.01
  720.55	  6.01
  721.17	  6.01
  721.79	  6.00
  722.41	  6.00
  723.02	  6.00
  723.64	  6.00
  724.26	  6.00
  724.88	  6.00
  725.50	  5.99
  726.12	  5.99
  726.73	  5.99
  727.35	  5.99
  727.97	  5.99
  728.59	  5.98
  729.21	  5.98
  729.83	  5.98
  730.44	  5.98
  731.06	  5.98
  731.68	  5.98
  732.30	  5.98
  732.92	  5.98
  733.53	  5.97
  734.15	  5.97
  734.77	  5.97
  735.39	  5.97
  736.00	  5.97
  736.62	  5.96
  737.24	  5.96
  737.86	  5.96
  738.47	  5.96
  739.09	  5.96
  739.71	  5.95
  740.33	  5.95
  740.94	  5.95
  741.56	  5.95
  742.18	  5.95
  742.79	  5.95
  743.41	  5.95
  744.03	  5.95
  744.65	  5.94
  745.26	  5.94
  745.88	  5.94
  746.50	  5.94
  747.11	  5.94
  747.73	  5.94
  748.35	  5.94
  748.96	  5.93
  749.58	  5.93
  750.20	  5.93
  750.81	  5.93
  751.43	  5.93
  752.05	  5.93
  752.66	  5.93
  753.28	  5.92
  753.90	  5.92
  754.51	  5.92
  755.13	  5.91
  755.74	  5.90
  756.36	  5.89
  756.98	  5.88
  757.59	  5.87
  758.21	  5.86
  758.82	  5.86
  759.44	  5.86
  760.06	  5.86
  760.67	  5.86
  761.29	  5.86
  761.90	  5.86
  762.52	  5.86
  763.14	  5.86
  763.75	  5.86
  764.37	  5.86
  764.98	  5.86
  765.60	  5.86
  766.21	  5.86
  766.83	  5.86
  767.44	  5.86
  768.06	  5.86
  768.67	  5.86
  769.29	  5.86
  769.90	  5.86
  770.52	  5.86
  771.14	  5.86
  771.75	  5.86
  772.37	  5.86
  772.98	  5.86
  773.59	  5.86
  774.21	  5.85
  774.82	  5.85
  775.44	  5.85
  776.05	  5.84
  776.67	  5.84
  777.28	  5.84
  777.90	  5.84
  778.51	  5.83
  779.13	  5.83
  779.74	  5.83
  780.36	  5.83
  780.97	  5.82
  781.58	  5.82
  782.20	  5.81
  782.81	  5.80
  783.43	  5.80
  784.04	  5.80
  784.66	  5.80
  785.27	  5.80
  785.88	  5.80
  786.50	  5.79
  787.11	  5.79
  787.73	  5.79
  788.34	  5.79
  788.95	  5.79
  789.57	  5.79
  790.18	  5.79
  790.79	  5.78
  791.41	  5.78
  792.02	  5.77
  792.63	  5.77
  793.25	  5.76
  793.86	  5.76
  794.47	  5.76
  795.09	  5.76
  795.70	  5.76
  796.31	  5.76
  796.93	  5.76
  797.54	  5.75
  798.15	  5.75
  798.77	  5.75
  799.38	  5.75
  799.99	  5.75
  800.61	  5.74
  801.22	  5.74
  801.83	  5.74
  802.44	  5.74
  803.06	  5.73
  803.67	  5.73
  804.28	  5.72
  804.90	  5.71
  805.51	  5.71
  806.12	  5.71
  806.73	  5.70
  807.34	  5.69
  807.96	  5.69
  808.57	  5.69
  809.18	  5.69
  809.79	  5.68
  810.41	  5.68
  811.02	  5.68
  811.63	  5.67
  812.24	  5.67
  812.85	  5.67
  813.47	  5.67
  814.08	  5.67
  814.69	  5.67
  815.30	  5.67
  815.91	  5.67
  816.53	  5.66
  817.14	  5.66
  817.75	  5.66
  818.36	  5.65
  818.97	  5.65
  819.58	  5.64
  820.20	  5.64
  820.81	  5.62
  821.42	  5.61
  822.03	  5.60
  822.64	  5.59
  823.25	  5.59
  823.86	  5.58
  824.47	  5.57
  825.09	  5.57
  825.70	  5.56
  826.31	  5.56
  826.92	  5.55
  827.53	  5.55
  828.14	  5.55
  828.75	  5.55
  829.36	  5.55
  829.97	  5.55
  830.58	  5.54
  831.19	  5.54
  831.80	  5.53
  832.42	  5.52
  833.03	  5.52
  833.64	  5.52
  834.25	  5.51
  834.86	  5.51
  835.47	  5.51
  836.08	  5.51
  836.69	  5.50
  837.30	  5.50
  837.91	  5.50
  838.52	  5.49
  839.13	  5.49
  839.74	  5.48
  840.35	  5.48
  840.96	  5.47
  841.57	  5.47
  842.18	  5.47
  842.79	  5.47
  843.40	  5.47
  844.01	  5.47
  844.62	  5.47
  845.23	  5.47
  845.84	  5.47
  846.45	  5.46
  847.06	  5.46
  847.67	  5.47
  848.27	  5.47
  848.88	  5.47
  849.49	  5.47
  850.10	  5.47
  850.71	  5.47
  851.32	  5.47
  851.93	  5.47
  852.54	  5.46
  853.15	  5.46
  853.76	  5.46
  854.37	  5.45
  854.98	  5.45
  855.58	  5.45
  856.19	  5.45
  856.80	  5.44
  857.41	  5.43
  858.02	  5.43
  858.63	  5.43
  859.24	  5.43
  859.85	  5.43
  860.45	  5.42
  861.06	  5.42
  861.67	  5.41
  862.28	  5.40
  862.89	  5.39
  863.50	  5.38
  864.10	  5.36
  864.71	  5.34
  865.32	  5.32
  865.93	  5.31
  866.54	  5.30
  867.14	  5.29
  867.75	  5.28
  868.36	  5.27
  868.97	  5.27
  869.58	  5.26
  870.18	  5.26
  870.79	  5.26
  871.40	  5.26
  872.01	  5.26
  872.61	  5.26
  873.22	  5.25
  873.83	  5.25
  874.44	  5.25
  875.04	  5.25
  875.65	  5.25
  876.26	  5.25
  876.87	  5.25
  877.47	  5.25
  878.08	  5.25
  878.69	  5.25
  879.29	  5.25
  879.90	  5.25
  880.51	  5.25
  881.12	  5.24
  881.72	  5.25
  882.33	  5.25
  882.94	  5.24
  883.54	  5.25
  884.15	  5.24
  884.76	  5.24
  885.36	  5.24
  885.97	  5.24
  886.58	  5.24
  887.18	  5.24
  887.79	  5.24
  888.40	  5.24
  889.00	  5.24
  889.61	  5.24
  890.22	  5.24
  890.82	  5.24
  891.43	  5.24
  892.03	  5.24
  892.64	  5.24
  893.25	  5.24
  893.85	  5.23
  894.46	  5.23
  895.06	  5.23
  895.67	  5.23
  896.28	  5.23
  896.88	  5.23
  897.49	  5.23
  898.09	  5.23
  898.70	  5.23
  899.30	  5.23
  899.91	  5.23
  900.52	  5.23
  901.12	  5.22
  901.73	  5.22
  902.33	  5.22
  902.94	  5.22
  903.54	  5.22
  904.15	  5.22
  904.75	  5.22
  905.36	  5.21
  905.96	  5.21
  906.57	  5.21
  907.17	  5.21
  907.78	  5.21
  908.38	  5.20
  908.99	  5.20
  909.59	  5.20
  910.20	  5.20
  910.80	  5.20
  911.41	  5.20
  912.01	  5.20
  912.62	  5.20
  913.22	  5.20
  913.83	  5.20
  914.43	  5.20
  915.03	  5.21
  915.64	  5.21
  916.24	  5.20
  916.85	  5.20
  917.45	  5.20
  918.06	  5.20
  918.66	  5.20
  919.26	  5.20
  919.87	  5.20
  920.47	  5.19
  921.08	  5.19
  921.68	  5.19
  922.28	  5.18
  922.89	  5.18
  923.49	  5.18
  924.10	  5.18
  924.70	  5.18
  925.30	  5.18
  925.91	  5.18
  926.51	  5.18
  927.11	  5.18
  927.72	  5.18
  928.32	  5.18
  928.92	  5.18
  929.53	  5.18
  930.13	  5.18
  930.74	  5.18
  931.34	  5.18
  931.94	  5.18
  932.54	  5.18
  933.15	  5.18
  933.75	  5.18
  934.35	  5.18
  934.96	  5.18
  935.56	  5.18
  936.16	  5.18
  936.77	  5.18
  937.37	  5.18
  937.97	  5.30
  938.57	  6.37
  939.18	  9.35
  939.78	 13.04
  940.38	 15.11
  940.98	 16.09
  941.59	 16.74
  942.19	 17.26
  942.79	 17.72
  943.39	 18.13
  944.00	 18.50
  944.60	 18.83
  945.20	 19.14
  945.80	 19.41
  946.40	 19.67
  947.01	 19.89
  947.61	 20.10
  948.21	 20.29
  948.81	 20.47
  949.41	 21.09
  950.02	 34.93
  950.62	 35.50
  951.22	 35.50
  951.82	 35.50
  952.42	 35.50
  953.03	 35.50
  953.63	 35.50
  954.23	 35.50
  954.83	 35.50
  955.43	 35.50
  956.03	 35.50
  956.63	 35.50
  957.24	 35.50
  957.84	 35.50
  958.44	 35.50
  959.04	 35.50
  959.64	 35.50
  960.24	 35.50
  960.84	 35.50
  961.44	 35.50
  962.04	 35.50
  962.64	 35.50
  963.25	 35.50
  963.85	 35.50
  964.45	 35.50
  965.05	 35.50
  965.65	 35.50
  966.25	 35.50
  966.85	 35.50
  967.45	 35.50
  968.05	 35.50
  968.65	 35.50
  969.25	 35.50
  969.85	 35.50
  970.45	 35.50
  971.05	 35.50
  971.65	 35.50
  972.25	 35.50
  972.85	 35.50
  973.45	 35.50
  974.05	 35.50
  974.65	 35.50
  975.25	 35.50
  975.85	 35.50
  976.45	 35.50
  977.05	 35.50
  977.65	 35.50
  978.25	 35.50
  978.85	 35.50
  979.45	 35.50
  980.05	 35.50
  980.65	 35.50
  981.25	 35.50
  981.85	 35.50
  982.45	 35.50
  983.05	 35.50
  983.65	 35.50
  984.25	 35.50
  984.85	 35.50
  985.45	 35.50
  986.04	 35.50
  986.64	 35.50
  987.24	 35.50
  987.84	 35.50
  988.44	 35.50
