Call Sign                      | WTDH
Latitude                       | 21 11.01 N
Longitude                      | 069 31.53 W
SOOP Line                      | EX11
Transect Number                | 0
Sequence Number                | 600
Year                           | 2018
Month                          | 11
Day                            | 29
Hour                           | 19
Minute                         | 22
Ship Name                      | Okeanos Explorer
IMO Number                     | 8835114
SEAS ID                        | AE9CE452
SEAS Version                   | 930
Probe Serial Number            | 1304672
Probe Manufacture Date         | 05/08/2018
Data Type                      | 1 (Full Resolution)
Data Quality                   | 0 (Data Not Suspect)
Deployment Height (meters)     | 3.00
Ship Direction                 | 312
Ship Speed (knots)             | 9.00
Instrument Type                | Sippican Deep Blue (Code 52)
Recorder Type                  | Sippican MK-21 (Code 6)
Wind Instrument Type           | 
Wind Direction                 | 39
Wind Speed (knots)             | 21
Dry Bulb Temperature (celsius) | 26.00
Current Measurement Method     | 
Current Direction              | -1
Current Speed (knots)          | -1
Total Water Depth (meters)     | 5397
XBT Launcher Type              | 
XBT Recorder Serial Number     | 00000329
XBT Recorder Manufacture Date  | 12/12/2015
Agency in charge of Operation  | 
Ship Rider                     | 
Ship Rider Institution         | 
Ship Rider Email               | 
Ship Rider Telephone Number    | 
===================================================================
Full Resolution Values
   Depth	 Temperature
    0.67	 28.19
    1.34	 28.17
    2.01	 28.17
    2.68	 28.16
    3.34	 28.15
    4.01	 28.13
    4.68	 28.12
    5.35	 28.12
    6.02	 28.13
    6.69	 28.13
    7.36	 28.14
    8.03	 28.12
    8.69	 28.13
    9.36	 28.12
   10.03	 28.12
   10.70	 28.12
   11.37	 28.11
   12.04	 28.10
   12.70	 28.11
   13.37	 28.10
   14.04	 28.10
   14.71	 28.10
   15.38	 28.08
   16.05	 28.06
   16.71	 28.06
   17.38	 28.05
   18.05	 28.06
   18.72	 28.07
   19.38	 28.07
   20.05	 28.06
   20.72	 28.06
   21.39	 28.06
   22.06	 28.06
   22.72	 28.07
   23.39	 28.06
   24.06	 28.06
   24.73	 28.06
   25.39	 28.06
   26.06	 28.06
   26.73	 28.06
   27.40	 28.07
   28.06	 28.07
   28.73	 28.05
   29.40	 28.05
   30.06	 28.06
   30.73	 28.06
   31.40	 28.07
   32.06	 28.07
   32.73	 28.06
   33.40	 28.06
   34.07	 28.05
   34.73	 28.05
   35.40	 28.05
   36.07	 28.05
   36.73	 28.06
   37.40	 28.07
   38.07	 28.07
   38.73	 28.07
   39.40	 28.06
   40.06	 28.06
   40.73	 28.07
   41.40	 28.07
   42.06	 28.06
   42.73	 28.08
   43.40	 28.09
   44.06	 28.08
   44.73	 28.08
   45.39	 28.07
   46.06	 28.08
   46.73	 28.09
   47.39	 28.09
   48.06	 28.09
   48.72	 28.10
   49.39	 28.11
   50.06	 28.11
   50.72	 28.10
   51.39	 28.10
   52.05	 28.09
   52.72	 28.07
   53.38	 28.06
   54.05	 28.04
   54.71	 28.04
   55.38	 28.02
   56.05	 27.98
   56.71	 27.92
   57.38	 27.85
   58.04	 27.78
   58.71	 27.63
   59.37	 27.53
   60.04	 27.49
   60.70	 27.46
   61.37	 27.43
   62.03	 27.41
   62.70	 27.37
   63.36	 27.33
   64.03	 27.27
   64.69	 27.13
   65.36	 27.00
   66.02	 26.92
   66.68	 26.89
   67.35	 26.86
   68.01	 26.84
   68.68	 26.78
   69.34	 26.73
   70.01	 26.68
   70.67	 26.64
   71.34	 26.59
   72.00	 26.56
   72.66	 26.49
   73.33	 26.40
   73.99	 26.35
   74.66	 26.30
   75.32	 26.23
   75.98	 26.16
   76.65	 26.12
   77.31	 26.07
   77.98	 26.03
   78.64	 25.97
   79.30	 25.89
   79.97	 25.84
   80.63	 25.82
   81.30	 25.79
   81.96	 25.74
   82.62	 25.70
   83.29	 25.64
   83.95	 25.59
   84.61	 25.54
   85.28	 25.45
   85.94	 25.38
   86.60	 25.32
   87.27	 25.28
   87.93	 25.25
   88.59	 25.22
   89.26	 25.16
   89.92	 25.09
   90.58	 25.06
   91.24	 25.04
   91.91	 25.04
   92.57	 25.02
   93.23	 25.01
   93.90	 24.97
   94.56	 24.89
   95.22	 24.84
   95.88	 24.82
   96.55	 24.80
   97.21	 24.74
   97.87	 24.69
   98.53	 24.64
   99.20	 24.59
   99.86	 24.56
  100.52	 24.54
  101.18	 24.50
  101.85	 24.45
  102.51	 24.40
  103.17	 24.37
  103.83	 24.30
  104.49	 24.26
  105.16	 24.24
  105.82	 24.23
  106.48	 24.23
  107.14	 24.22
  107.80	 24.22
  108.47	 24.21
  109.13	 24.21
  109.79	 24.20
  110.45	 24.18
  111.11	 24.14
  111.77	 24.12
  112.44	 24.08
  113.10	 24.06
  113.76	 24.04
  114.42	 24.01
  115.08	 23.98
  115.74	 23.98
  116.40	 23.97
  117.06	 23.96
  117.73	 23.96
  118.39	 23.95
  119.05	 23.94
  119.71	 23.91
  120.37	 23.88
  121.03	 23.86
  121.69	 23.86
  122.35	 23.86
  123.01	 23.85
  123.67	 23.84
  124.33	 23.82
  125.00	 23.81
  125.66	 23.79
  126.32	 23.75
  126.98	 23.74
  127.64	 23.72
  128.30	 23.72
  128.96	 23.71
  129.62	 23.67
  130.28	 23.65
  130.94	 23.63
  131.60	 23.61
  132.26	 23.59
  132.92	 23.56
  133.58	 23.54
  134.24	 23.53
  134.90	 23.50
  135.56	 23.47
  136.22	 23.45
  136.88	 23.45
  137.54	 23.43
  138.20	 23.41
  138.86	 23.38
  139.52	 23.33
  140.18	 23.29
  140.84	 23.26
  141.50	 23.24
  142.16	 23.22
  142.82	 23.19
  143.48	 23.17
  144.14	 23.14
  144.79	 23.08
  145.45	 22.99
  146.11	 22.93
  146.77	 22.91
  147.43	 22.88
  148.09	 22.87
  148.75	 22.84
  149.41	 22.80
  150.07	 22.76
  150.73	 22.70
  151.39	 22.66
  152.04	 22.61
  152.70	 22.52
  153.36	 22.43
  154.02	 22.36
  154.68	 22.31
  155.34	 22.24
  156.00	 22.18
  156.65	 22.16
  157.31	 22.16
  157.97	 22.17
  158.63	 22.17
  159.29	 22.18
  159.95	 22.18
  160.60	 22.14
  161.26	 22.11
  161.92	 22.10
  162.58	 22.08
  163.24	 22.08
  163.90	 22.08
  164.55	 22.05
  165.21	 21.99
  165.87	 21.95
  166.53	 21.94
  167.18	 21.93
  167.84	 21.91
  168.50	 21.89
  169.16	 21.86
  169.82	 21.80
  170.47	 21.75
  171.13	 21.73
  171.79	 21.72
  172.45	 21.71
  173.10	 21.71
  173.76	 21.71
  174.42	 21.70
  175.07	 21.67
  175.73	 21.62
  176.39	 21.59
  177.05	 21.58
  177.70	 21.55
  178.36	 21.54
  179.02	 21.52
  179.67	 21.49
  180.33	 21.46
  180.99	 21.45
  181.64	 21.42
  182.30	 21.39
  182.96	 21.34
  183.61	 21.26
  184.27	 21.22
  184.93	 21.21
  185.58	 21.20
  186.24	 21.19
  186.90	 21.19
  187.55	 21.19
  188.21	 21.18
  188.87	 21.17
  189.52	 21.17
  190.18	 21.15
  190.83	 21.13
  191.49	 21.11
  192.15	 21.09
  192.80	 21.09
  193.46	 21.08
  194.11	 21.05
  194.77	 21.04
  195.43	 21.03
  196.08	 21.02
  196.74	 21.01
  197.39	 21.00
  198.05	 21.00
  198.71	 21.00
  199.36	 20.98
  200.02	 20.97
  200.67	 20.95
  201.33	 20.92
  201.98	 20.90
  202.64	 20.87
  203.29	 20.84
  203.95	 20.82
  204.60	 20.80
  205.26	 20.77
  205.91	 20.75
  206.57	 20.74
  207.22	 20.71
  207.88	 20.67
  208.53	 20.62
  209.19	 20.59
  209.84	 20.59
  210.50	 20.59
  211.15	 20.57
  211.81	 20.57
  212.46	 20.54
  213.12	 20.54
  213.77	 20.53
  214.43	 20.52
  215.08	 20.51
  215.74	 20.50
  216.39	 20.49
  217.04	 20.48
  217.70	 20.48
  218.35	 20.46
  219.01	 20.45
  219.66	 20.44
  220.32	 20.45
  220.97	 20.46
  221.62	 20.47
  222.28	 20.47
  222.93	 20.45
  223.59	 20.43
  224.24	 20.44
  224.89	 20.43
  225.55	 20.43
  226.20	 20.44
  226.85	 20.43
  227.51	 20.44
  228.16	 20.43
  228.81	 20.44
  229.47	 20.44
  230.12	 20.44
  230.78	 20.43
  231.43	 20.43
  232.08	 20.44
  232.74	 20.43
  233.39	 20.42
  234.04	 20.42
  234.69	 20.41
  235.35	 20.40
  236.00	 20.39
  236.65	 20.38
  237.31	 20.34
  237.96	 20.29
  238.61	 20.25
  239.27	 20.23
  239.92	 20.22
  240.57	 20.20
  241.22	 20.19
  241.88	 20.19
  242.53	 20.18
  243.18	 20.17
  243.83	 20.16
  244.49	 20.15
  245.14	 20.15
  245.79	 20.14
  246.44	 20.12
  247.10	 20.10
  247.75	 20.08
  248.40	 20.09
  249.05	 20.08
  249.70	 20.06
  250.36	 20.05
  251.01	 20.04
  251.66	 20.04
  252.31	 20.04
  252.96	 20.04
  253.62	 20.04
  254.27	 20.04
  254.92	 20.05
  255.57	 20.04
  256.22	 20.03
  256.88	 20.03
  257.53	 20.02
  258.18	 20.00
  258.83	 19.97
  259.48	 19.95
  260.13	 19.93
  260.78	 19.93
  261.44	 19.92
  262.09	 19.92
  262.74	 19.91
  263.39	 19.89
  264.04	 19.87
  264.69	 19.86
  265.34	 19.85
  265.99	 19.84
  266.64	 19.84
  267.29	 19.82
  267.95	 19.80
  268.60	 19.78
  269.25	 19.78
  269.90	 19.77
  270.55	 19.76
  271.20	 19.76
  271.85	 19.75
  272.50	 19.74
  273.15	 19.75
  273.80	 19.73
  274.45	 19.72
  275.10	 19.72
  275.75	 19.71
  276.40	 19.70
  277.05	 19.69
  277.70	 19.70
  278.35	 19.70
  279.00	 19.70
  279.65	 19.69
  280.30	 19.69
  280.95	 19.67
  281.60	 19.66
  282.25	 19.66
  282.90	 19.66
  283.55	 19.65
  284.20	 19.64
  284.85	 19.62
  285.50	 19.62
  286.15	 19.61
  286.80	 19.61
  287.45	 19.62
  288.10	 19.62
  288.75	 19.62
  289.40	 19.61
  290.05	 19.61
  290.70	 19.60
  291.35	 19.59
  292.00	 19.58
  292.64	 19.57
  293.29	 19.55
  293.94	 19.54
  294.59	 19.54
  295.24	 19.53
  295.89	 19.51
  296.54	 19.51
  297.19	 19.50
  297.84	 19.48
  298.49	 19.47
  299.13	 19.46
  299.78	 19.46
  300.43	 19.45
  301.08	 19.43
  301.73	 19.40
  302.38	 19.37
  303.02	 19.36
  303.67	 19.35
  304.32	 19.34
  304.97	 19.33
  305.62	 19.33
  306.27	 19.31
  306.91	 19.31
  307.56	 19.30
  308.21	 19.29
  308.86	 19.29
  309.51	 19.29
  310.15	 19.30
  310.80	 19.29
  311.45	 19.28
  312.10	 19.26
  312.75	 19.24
  313.39	 19.23
  314.04	 19.22
  314.69	 19.22
  315.34	 19.22
  315.98	 19.20
  316.63	 19.18
  317.28	 19.17
  317.93	 19.15
  318.57	 19.14
  319.22	 19.14
  319.87	 19.14
  320.52	 19.13
  321.16	 19.11
  321.81	 19.09
  322.46	 19.06
  323.10	 19.05
  323.75	 19.04
  324.40	 19.03
  325.04	 19.02
  325.69	 19.01
  326.34	 19.02
  326.99	 19.00
  327.63	 19.00
  328.28	 19.01
  328.92	 19.00
  329.57	 18.99
  330.22	 18.99
  330.86	 18.98
  331.51	 18.98
  332.16	 18.97
  332.80	 18.97
  333.45	 18.96
  334.10	 18.94
  334.74	 18.92
  335.39	 18.91
  336.03	 18.91
  336.68	 18.90
  337.33	 18.90
  337.97	 18.88
  338.62	 18.87
  339.26	 18.86
  339.91	 18.85
  340.56	 18.83
  341.20	 18.82
  341.85	 18.81
  342.49	 18.80
  343.14	 18.80
  343.78	 18.81
  344.43	 18.80
  345.08	 18.79
  345.72	 18.79
  346.37	 18.79
  347.01	 18.79
  347.66	 18.79
  348.30	 18.78
  348.95	 18.78
  349.59	 18.77
  350.24	 18.75
  350.88	 18.74
  351.53	 18.72
  352.17	 18.71
  352.82	 18.70
  353.46	 18.69
  354.11	 18.68
  354.75	 18.69
  355.40	 18.68
  356.04	 18.67
  356.69	 18.67
  357.33	 18.65
  357.98	 18.64
  358.62	 18.64
  359.27	 18.62
  359.91	 18.59
  360.55	 18.56
  361.20	 18.53
  361.84	 18.51
  362.49	 18.48
  363.13	 18.46
  363.78	 18.45
  364.42	 18.42
  365.06	 18.41
  365.71	 18.40
  366.35	 18.39
  367.00	 18.38
  367.64	 18.38
  368.28	 18.38
  368.93	 18.37
  369.57	 18.36
  370.22	 18.35
  370.86	 18.33
  371.50	 18.32
  372.15	 18.31
  372.79	 18.29
  373.43	 18.27
  374.08	 18.24
  374.72	 18.21
  375.36	 18.20
  376.01	 18.19
  376.65	 18.18
  377.29	 18.17
  377.94	 18.17
  378.58	 18.17
  379.22	 18.17
  379.87	 18.16
  380.51	 18.16
  381.15	 18.15
  381.79	 18.12
  382.44	 18.10
  383.08	 18.09
  383.72	 18.08
  384.37	 18.08
  385.01	 18.06
  385.65	 18.05
  386.29	 18.03
  386.94	 18.02
  387.58	 18.02
  388.22	 18.01
  388.86	 18.01
  389.51	 18.00
  390.15	 17.99
  390.79	 17.99
  391.43	 17.99
  392.08	 17.99
  392.72	 17.99
  393.36	 17.99
  394.00	 17.99
  394.64	 17.98
  395.29	 17.98
  395.93	 17.97
  396.57	 17.97
  397.21	 17.96
  397.85	 17.96
  398.50	 17.95
  399.14	 17.95
  399.78	 17.94
  400.42	 17.94
  401.06	 17.93
  401.70	 17.92
  402.35	 17.91
  402.99	 17.90
  403.63	 17.89
  404.27	 17.87
  404.91	 17.86
  405.55	 17.84
  406.19	 17.81
  406.83	 17.75
  407.48	 17.69
  408.12	 17.64
  408.76	 17.62
  409.40	 17.60
  410.04	 17.60
  410.68	 17.60
  411.32	 17.59
  411.96	 17.59
  412.60	 17.58
  413.24	 17.58
  413.88	 17.56
  414.52	 17.53
  415.17	 17.52
  415.81	 17.51
  416.45	 17.50
  417.09	 17.49
  417.73	 17.48
  418.37	 17.46
  419.01	 17.42
  419.65	 17.39
  420.29	 17.37
  420.93	 17.36
  421.57	 17.35
  422.21	 17.32
  422.85	 17.29
  423.49	 17.26
  424.13	 17.26
  424.77	 17.26
  425.41	 17.25
  426.05	 17.25
  426.69	 17.25
  427.33	 17.26
  427.97	 17.25
  428.61	 17.23
  429.25	 17.21
  429.89	 17.19
  430.53	 17.17
  431.17	 17.15
  431.80	 17.13
  432.44	 17.10
  433.08	 17.07
  433.72	 17.04
  434.36	 17.01
  435.00	 16.96
  435.64	 16.94
  436.28	 16.93
  436.92	 16.94
  437.56	 16.92
  438.20	 16.91
  438.84	 16.91
  439.47	 16.91
  440.11	 16.89
  440.75	 16.88
  441.39	 16.86
  442.03	 16.86
  442.67	 16.85
  443.31	 16.84
  443.95	 16.84
  444.58	 16.83
  445.22	 16.83
  445.86	 16.82
  446.50	 16.81
  447.14	 16.80
  447.78	 16.79
  448.41	 16.78
  449.05	 16.77
  449.69	 16.75
  450.33	 16.73
  450.97	 16.71
  451.60	 16.68
  452.24	 16.63
  452.88	 16.58
  453.52	 16.54
  454.16	 16.52
  454.79	 16.52
  455.43	 16.52
  456.07	 16.52
  456.71	 16.51
  457.35	 16.51
  457.98	 16.51
  458.62	 16.51
  459.26	 16.50
  459.90	 16.51
  460.53	 16.51
  461.17	 16.50
  461.81	 16.50
  462.44	 16.49
  463.08	 16.48
  463.72	 16.48
  464.36	 16.48
  464.99	 16.48
  465.63	 16.47
  466.27	 16.46
  466.90	 16.45
  467.54	 16.44
  468.18	 16.41
  468.81	 16.37
  469.45	 16.34
  470.09	 16.31
  470.72	 16.28
  471.36	 16.27
  472.00	 16.27
  472.63	 16.26
  473.27	 16.22
  473.91	 16.20
  474.54	 16.18
  475.18	 16.19
  475.82	 16.18
  476.45	 16.18
  477.09	 16.17
  477.73	 16.16
  478.36	 16.14
  479.00	 16.11
  479.63	 16.07
  480.27	 16.03
  480.91	 16.01
  481.54	 16.01
  482.18	 16.00
  482.81	 15.99
  483.45	 15.97
  484.08	 15.96
  484.72	 15.95
  485.36	 15.95
  485.99	 15.94
  486.63	 15.93
  487.26	 15.92
  487.90	 15.91
  488.53	 15.90
  489.17	 15.89
  489.80	 15.88
  490.44	 15.88
  491.07	 15.87
  491.71	 15.87
  492.34	 15.88
  492.98	 15.86
  493.62	 15.85
  494.25	 15.85
  494.89	 15.83
  495.52	 15.80
  496.15	 15.78
  496.79	 15.77
  497.42	 15.77
  498.06	 15.78
  498.69	 15.77
  499.33	 15.76
  499.96	 15.76
  500.60	 15.75
  501.23	 15.73
  501.87	 15.71
  502.50	 15.69
  503.14	 15.66
  503.77	 15.65
  504.40	 15.66
  505.04	 15.66
  505.67	 15.65
  506.31	 15.61
  506.94	 15.58
  507.57	 15.57
  508.21	 15.57
  508.84	 15.56
  509.48	 15.55
  510.11	 15.54
  510.74	 15.53
  511.38	 15.51
  512.01	 15.49
  512.65	 15.47
  513.28	 15.45
  513.91	 15.42
  514.55	 15.39
  515.18	 15.38
  515.81	 15.36
  516.45	 15.33
  517.08	 15.30
  517.71	 15.26
  518.35	 15.24
  518.98	 15.23
  519.61	 15.21
  520.25	 15.20
  520.88	 15.20
  521.51	 15.19
  522.15	 15.18
  522.78	 15.17
  523.41	 15.16
  524.04	 15.14
  524.68	 15.11
  525.31	 15.08
  525.94	 15.06
  526.58	 15.05
  527.21	 15.03
  527.84	 15.01
  528.47	 15.00
  529.11	 15.00
  529.74	 14.99
  530.37	 14.99
  531.00	 14.98
  531.64	 14.97
  532.27	 14.96
  532.90	 14.93
  533.53	 14.89
  534.17	 14.87
  534.80	 14.85
  535.43	 14.82
  536.06	 14.79
  536.69	 14.76
  537.33	 14.73
  537.96	 14.72
  538.59	 14.71
  539.22	 14.70
  539.85	 14.68
  540.48	 14.65
  541.12	 14.63
  541.75	 14.62
  542.38	 14.61
  543.01	 14.59
  543.64	 14.57
  544.27	 14.56
  544.91	 14.55
  545.54	 14.54
  546.17	 14.52
  546.80	 14.51
  547.43	 14.49
  548.06	 14.48
  548.69	 14.47
  549.32	 14.45
  549.95	 14.44
  550.59	 14.41
  551.22	 14.38
  551.85	 14.34
  552.48	 14.33
  553.11	 14.33
  553.74	 14.32
  554.37	 14.30
  555.00	 14.28
  555.63	 14.27
  556.26	 14.24
  556.89	 14.23
  557.52	 14.20
  558.15	 14.18
  558.78	 14.17
  559.42	 14.16
  560.05	 14.14
  560.68	 14.13
  561.31	 14.14
  561.94	 14.14
  562.57	 14.13
  563.20	 14.10
  563.83	 14.09
  564.46	 14.08
  565.09	 14.07
  565.72	 14.05
  566.35	 14.03
  566.98	 14.01
  567.61	 14.00
  568.24	 13.98
  568.87	 13.98
  569.50	 13.97
  570.12	 13.94
  570.75	 13.91
  571.38	 13.89
  572.01	 13.87
  572.64	 13.86
  573.27	 13.84
  573.90	 13.84
  574.53	 13.83
  575.16	 13.82
  575.79	 13.80
  576.42	 13.78
  577.05	 13.77
  577.68	 13.74
  578.31	 13.74
  578.93	 13.73
  579.56	 13.71
  580.19	 13.71
  580.82	 13.69
  581.45	 13.69
  582.08	 13.69
  582.71	 13.67
  583.34	 13.64
  583.97	 13.62
  584.59	 13.58
  585.22	 13.56
  585.85	 13.54
  586.48	 13.51
  587.11	 13.49
  587.74	 13.47
  588.36	 13.45
  588.99	 13.43
  589.62	 13.43
  590.25	 13.41
  590.88	 13.39
  591.50	 13.36
  592.13	 13.34
  592.76	 13.33
  593.39	 13.32
  594.02	 13.31
  594.64	 13.31
  595.27	 13.31
  595.90	 13.30
  596.53	 13.29
  597.16	 13.27
  597.78	 13.27
  598.41	 13.26
  599.04	 13.23
  599.67	 13.22
  600.29	 13.19
  600.92	 13.18
  601.55	 13.16
  602.18	 13.16
  602.80	 13.17
  603.43	 13.14
  604.06	 13.14
  604.68	 13.14
  605.31	 13.11
  605.94	 13.11
  606.57	 13.09
  607.19	 13.10
  607.82	 13.10
  608.45	 13.09
  609.07	 13.10
  609.70	 13.08
  610.33	 13.07
  610.95	 13.08
  611.58	 13.05
  612.21	 13.05
  612.83	 13.03
  613.46	 13.02
  614.09	 13.02
  614.71	 13.00
  615.34	 12.98
  615.97	 12.97
  616.59	 12.95
  617.22	 12.92
  617.84	 12.92
  618.47	 12.89
  619.10	 12.88
  619.72	 12.88
  620.35	 12.84
  620.97	 12.84
  621.60	 12.81
  622.23	 12.79
  622.85	 12.79
  623.48	 12.77
  624.10	 12.74
  624.73	 12.74
  625.35	 12.73
  625.98	 12.71
  626.61	 12.70
  627.23	 12.66
  627.86	 12.65
  628.48	 12.65
  629.11	 12.63
  629.73	 12.60
  630.36	 12.60
  630.98	 12.57
  631.61	 12.55
  632.23	 12.55
  632.86	 12.57
  633.48	 12.54
  634.11	 12.55
  634.73	 12.54
  635.36	 12.51
  635.98	 12.49
  636.61	 12.49
  637.23	 12.45
  637.86	 12.40
  638.48	 12.39
  639.11	 12.40
  639.73	 12.37
  640.36	 12.37
  640.98	 12.39
  641.61	 12.37
  642.23	 12.36
  642.85	 12.36
  643.48	 12.30
  644.10	 12.28
  644.73	 12.28
  645.35	 12.29
  645.98	 12.26
  646.60	 12.25
  647.22	 12.26
  647.85	 12.26
  648.47	 12.23
  649.10	 12.23
  649.72	 12.21
  650.34	 12.15
  650.97	 12.13
  651.59	 12.14
  652.22	 12.12
  652.84	 12.09
  653.46	 12.08
  654.09	 12.06
  654.71	 12.05
  655.33	 12.04
  655.96	 12.00
  656.58	 11.99
  657.20	 11.97
  657.83	 11.99
  658.45	 11.97
  659.07	 11.95
  659.70	 11.95
  660.32	 11.94
  660.94	 11.89
  661.57	 11.87
  662.19	 11.84
  662.81	 11.84
  663.43	 11.85
  664.06	 11.80
  664.68	 11.75
  665.30	 11.73
  665.93	 11.72
  666.55	 11.68
  667.17	 11.65
  667.79	 11.66
  668.42	 11.64
  669.04	 11.63
  669.66	 11.64
  670.28	 11.62
  670.91	 11.59
  671.53	 11.58
  672.15	 11.60
  672.77	 11.58
  673.39	 11.54
  674.02	 11.51
  674.64	 11.51
  675.26	 11.50
  675.88	 11.48
  676.51	 11.46
  677.13	 11.46
  677.75	 11.44
  678.37	 11.40
  678.99	 11.35
  679.61	 11.34
  680.24	 11.33
  680.86	 11.32
  681.48	 11.31
  682.10	 11.33
  682.72	 11.34
  683.34	 11.33
  683.97	 11.28
  684.59	 11.25
  685.21	 11.21
  685.83	 11.17
  686.45	 11.15
  687.07	 11.14
  687.69	 11.11
  688.31	 11.10
  688.93	 11.10
  689.56	 11.08
  690.18	 11.05
  690.80	 11.02
  691.42	 11.00
  692.04	 10.98
  692.66	 10.98
  693.28	 10.97
  693.90	 10.96
  694.52	 10.95
  695.14	 10.97
  695.76	 10.98
  696.38	 10.95
  697.00	 10.96
  697.62	 10.96
  698.25	 10.94
  698.87	 10.92
  699.49	 10.91
  700.11	 10.90
  700.73	 10.89
  701.35	 10.88
  701.97	 10.87
  702.59	 10.88
  703.21	 10.88
  703.83	 10.85
  704.45	 10.82
  705.07	 10.80
  705.69	 10.79
  706.31	 10.78
  706.93	 10.78
  707.55	 10.75
  708.17	 10.73
  708.78	 10.72
  709.40	 10.72
  710.02	 10.70
  710.64	 10.69
  711.26	 10.69
  711.88	 10.68
  712.50	 10.67
  713.12	 10.65
  713.74	 10.65
  714.36	 10.64
  714.98	 10.64
  715.60	 10.63
  716.22	 10.62
  716.84	 10.61
  717.46	 10.60
  718.07	 10.59
  718.69	 10.58
  719.31	 10.56
  719.93	 10.55
  720.55	 10.54
  721.17	 10.54
  721.79	 10.53
  722.41	 10.54
  723.02	 10.55
  723.64	 10.52
  724.26	 10.47
  724.88	 10.45
  725.50	 10.43
  726.12	 10.43
  726.73	 10.43
  727.35	 10.43
  727.97	 10.42
  728.59	 10.42
  729.21	 10.43
  729.83	 10.43
  730.44	 10.40
  731.06	 10.39
  731.68	 10.38
  732.30	 10.36
  732.92	 10.37
  733.53	 10.35
  734.15	 10.28
  734.77	 10.24
  735.39	 10.21
  736.00	 10.20
  736.62	 10.18
  737.24	 10.16
  737.86	 10.16
  738.47	 10.16
  739.09	 10.16
  739.71	 10.17
  740.33	 10.13
  740.94	 10.09
  741.56	 10.07
  742.18	 10.05
  742.79	 10.05
  743.41	 10.03
  744.03	 10.01
  744.65	 10.01
  745.26	 10.02
  745.88	 10.01
  746.50	  9.99
  747.11	  9.98
  747.73	  9.98
  748.35	  9.97
  748.96	  9.95
  749.58	  9.93
  750.20	  9.91
  750.81	  9.91
  751.43	  9.87
  752.05	  9.86
  752.66	  9.85
  753.28	  9.83
  753.90	  9.81
  754.51	  9.77
  755.13	  9.77
  755.74	  9.77
  756.36	  9.77
  756.98	  9.75
  757.59	  9.75
  758.21	  9.76
  758.82	  9.77
  759.44	  9.73
  760.06	  9.72
  760.67	  9.73
  761.29	  9.73
  761.90	  9.71
  762.52	  9.71
  763.14	  9.70
  763.75	  9.70
  764.37	  9.70
  764.98	  9.68
  765.60	  9.64
  766.21	  9.62
  766.83	  9.60
  767.44	  9.57
  768.06	  9.57
  768.67	  9.58
  769.29	  9.56
  769.90	  9.58
  770.52	  9.59
  771.14	  9.55
  771.75	  9.54
  772.37	  9.52
  772.98	  9.52
  773.59	  9.51
  774.21	  9.46
  774.82	  9.43
  775.44	  9.39
  776.05	  9.39
  776.67	  9.37
  777.28	  9.37
  777.90	  9.36
  778.51	  9.34
  779.13	  9.35
  779.74	  9.34
  780.36	  9.34
  780.97	  9.34
  781.58	  9.32
  782.20	  9.33
  782.81	  9.32
  783.43	  9.29
  784.04	  9.28
  784.66	  9.29
  785.27	  9.29
  785.88	  9.26
  786.50	  9.24
  787.11	  9.22
  787.73	  9.20
  788.34	  9.19
  788.95	  9.18
  789.57	  9.15
  790.18	  9.15
  790.79	  9.14
  791.41	  9.12
  792.02	  9.12
  792.63	  9.09
  793.25	  9.10
  793.86	  9.11
  794.47	  9.06
  795.09	  9.02
  795.70	  8.97
  796.31	  8.92
  796.93	  8.91
  797.54	  8.86
  798.15	  8.84
  798.77	  8.84
  799.38	  8.80
  799.99	  8.76
  800.61	  8.75
  801.22	  8.73
  801.83	  8.74
  802.44	  8.74
  803.06	  8.75
  803.67	  8.75
  804.28	  8.74
  804.90	  8.75
  805.51	  8.73
  806.12	  8.71
  806.73	  8.67
  807.34	  8.63
  807.96	  8.61
  808.57	  8.60
  809.18	  8.58
  809.79	  8.58
  810.41	  8.57
  811.02	  8.55
  811.63	  8.55
  812.24	  8.54
  812.85	  8.53
  813.47	  8.53
  814.08	  8.52
  814.69	  8.51
  815.30	  8.49
  815.91	  8.48
  816.53	  8.48
  817.14	  8.47
  817.75	  8.46
  818.36	  8.44
  818.97	  8.43
  819.58	  8.40
  820.20	  8.38
  820.81	  8.38
  821.42	  8.37
  822.03	  8.36
  822.64	  8.35
  823.25	  8.33
  823.86	  8.30
  824.47	  8.30
  825.09	  8.30
  825.70	  8.28
  826.31	  8.27
  826.92	  8.26
  827.53	  8.25
  828.14	  8.23
  828.75	  8.21
  829.36	  8.19
  829.97	  8.20
  830.58	  8.18
  831.19	  8.18
  831.80	  8.18
  832.42	  8.18
  833.03	  8.17
  833.64	  8.17
  834.25	  8.17
  834.86	  8.15
  835.47	  8.15
  836.08	  8.14
  836.69	  8.15
  837.30	  8.14
  837.91	  8.14
  838.52	  8.14
  839.13	  8.15
  839.74	  8.14
  840.35	  8.14
  840.96	  8.14
  841.57	  8.15
  842.18	  8.13
  842.79	  8.13
  843.40	  8.14
  844.01	  8.13
  844.62	  8.13
  845.23	  8.11
  845.84	  8.11
  846.45	  8.09
  847.06	  8.09
  847.67	  8.08
  848.27	  8.07
  848.88	  8.06
  849.49	  8.05
  850.10	  8.05
  850.71	  8.04
  851.32	  8.03
  851.93	  8.02
  852.54	  8.01
  853.15	  8.00
  853.76	  8.01
  854.37	  7.99
  854.98	  8.00
  855.58	  8.00
  856.19	  7.98
  856.80	  7.99
  857.41	  7.98
  858.02	  7.97
  858.63	  7.96
  859.24	  7.97
  859.85	  7.95
  860.45	  7.94
  861.06	  7.93
  861.67	  7.93
  862.28	  7.92
  862.89	  7.92
  863.50	  7.92
  864.10	  7.90
  864.71	  7.89
  865.32	  7.88
  865.93	  7.87
  866.54	  7.87
  867.14	  7.86
  867.75	  7.87
  868.36	  7.86
  868.97	  7.86
  869.58	  7.85
  870.18	  7.85
  870.79	  7.83
  871.40	  7.80
  872.01	  7.77
  872.61	  7.75
  873.22	  7.74
  873.83	  7.73
  874.44	  7.72
  875.04	  7.69
  875.65	  7.69
  876.26	  7.68
  876.87	  7.68
  877.47	  7.67
  878.08	  7.67
  878.69	  7.66
  879.29	  7.64
  879.90	  7.63
  880.51	  7.61
  881.12	  7.60
  881.72	  7.59
  882.33	  7.58
  882.94	  7.58
  883.54	  7.56
  884.15	  7.55
  884.76	  7.53
  885.36	  7.52
  885.97	  7.52
  886.58	  7.51
  887.18	  7.51
  887.79	  7.51
  888.40	  7.50
  889.00	  7.49
  889.61	  7.49
  890.22	  7.48
  890.82	  7.46
  891.43	  7.45
  892.03	  7.44
  892.64	  7.43
  893.25	  7.43
  893.85	  7.43
  894.46	  7.43
  895.06	  7.42
  895.67	  7.41
  896.28	  7.41
  896.88	  7.41
  897.49	  7.41
  898.09	  7.40
  898.70	  7.41
  899.30	  7.41
  899.91	  7.41
  900.52	  7.41
  901.12	  7.39
  901.73	  7.38
  902.33	  7.38
  902.94	  7.37
  903.54	  7.37
  904.15	  7.36
  904.75	  7.34
  905.36	  7.34
  905.96	  7.33
  906.57	  7.33
  907.17	  7.32
  907.78	  7.31
  908.38	  7.28
  908.99	  7.26
  909.59	  7.25
  910.20	  7.24
  910.80	  7.22
  911.41	  7.21
  912.01	  7.22
  912.62	  7.20
  913.22	  7.18
  913.83	  7.18
  914.43	  7.18
  915.03	  7.18
  915.64	  7.17
  916.24	  7.17
  916.85	  7.17
  917.45	  7.16
  918.06	  7.15
  918.66	  7.14
  919.26	  7.13
  919.87	  7.12
  920.47	  7.11
  921.08	  7.11
  921.68	  7.14
  922.28	  7.66
  922.89	  9.52
  923.49	 12.07
