Call Sign                      | WTDH
Latitude                       | 00 13.56 S
Longitude                      | 166 15.11 W
Transect Name                  | EX01
Transect Number                | 0
Sequence Number                | 6
Year                           | 2017
Month                          | 01
Day                            | 30
Hour                           | 22
Minute                         | 03
Ship Name                      | Okeanos Explorer
IMO Number                     | 8835114
SEAS ID                        | CB3FAC1F
SEAS Version                   | 920
Probe Serial Number            | 3333333
Probe Manufacture Date         | 01/01/2017
Data Type                      | 1 (Full Resolution)
Data Quality                   | 0 (Data Not Suspect)
Deployment Height (meters)     | 5.00
Ship Direction                 | 0
Ship Speed (knots)             | 0.00
Instrument Type                | Sippican Deep Blue (Code 52)
Recorder Type                  | Sippican MK-21 (Code 6)
Wind Instrument Type           | 
Wind Direction                 | -1
Wind Speed (knots)             | -1
Dry Bulb Temperature (celsius) | -1.00
Current Measurement Method     | 
Current Direction              | -1
Current Speed (knots)          | -1
Total Water Depth (meters)     | -1
===================================================================
Full Resolution Values
   Depth	 Temperature
    0.67	 26.45
    1.34	 26.30
    2.01	 26.26
    2.68	 26.24
    3.34	 26.22
    4.01	 26.22
    4.68	 26.22
    5.35	 26.22
    6.02	 26.23
    6.69	 26.22
    7.36	 26.21
    8.03	 26.20
    8.69	 26.19
    9.36	 26.19
   10.03	 26.19
   10.70	 26.20
   11.37	 26.20
   12.04	 26.20
   12.70	 26.19
   13.37	 26.18
   14.04	 26.17
   14.71	 26.16
   15.38	 26.16
   16.05	 26.16
   16.71	 26.16
   17.38	 26.16
   18.05	 26.16
   18.72	 26.16
   19.38	 26.16
   20.05	 26.16
   20.72	 26.16
   21.39	 26.16
   22.06	 26.16
   22.72	 26.16
   23.39	 26.16
   24.06	 26.16
   24.73	 26.15
   25.39	 26.15
   26.06	 26.15
   26.73	 26.15
   27.40	 26.14
   28.06	 26.14
   28.73	 26.14
   29.40	 26.15
   30.06	 26.15
   30.73	 26.14
   31.40	 26.14
   32.06	 26.13
   32.73	 26.12
   33.40	 26.12
   34.07	 26.12
   34.73	 26.12
   35.40	 26.12
   36.07	 26.12
   36.73	 26.11
   37.40	 26.12
   38.07	 26.11
   38.73	 26.12
   39.40	 26.11
   40.06	 26.11
   40.73	 26.12
   41.40	 26.11
   42.06	 26.11
   42.73	 26.11
   43.40	 26.11
   44.06	 26.11
   44.73	 26.10
   45.39	 26.10
   46.06	 26.11
   46.73	 26.11
   47.39	 26.10
   48.06	 26.09
   48.72	 26.09
   49.39	 26.08
   50.06	 26.08
   50.72	 26.09
   51.39	 26.09
   52.05	 26.09
   52.72	 26.09
   53.38	 26.08
   54.05	 26.09
   54.71	 26.09
   55.38	 26.09
   56.05	 26.07
   56.71	 26.04
   57.38	 26.02
   58.04	 26.02
   58.71	 26.01
   59.37	 26.00
   60.04	 25.99
   60.70	 25.98
   61.37	 25.97
   62.03	 25.95
   62.70	 25.92
   63.36	 25.91
   64.03	 25.90
   64.69	 25.89
   65.36	 25.87
   66.02	 25.85
   66.68	 25.85
   67.35	 25.84
   68.01	 25.84
   68.68	 25.83
   69.34	 25.83
   70.01	 25.83
   70.67	 25.82
   71.34	 25.82
   72.00	 25.82
   72.66	 25.82
   73.33	 25.81
   73.99	 25.80
   74.66	 25.80
   75.32	 25.79
   75.98	 25.78
   76.65	 25.78
   77.31	 25.77
   77.98	 25.77
   78.64	 25.76
   79.30	 25.74
   79.97	 25.73
   80.63	 25.72
   81.30	 25.71
   81.96	 25.70
   82.62	 25.70
   83.29	 25.69
   83.95	 25.68
   84.61	 25.68
   85.28	 25.68
   85.94	 25.68
   86.60	 25.68
   87.27	 25.68
   87.93	 25.68
   88.59	 25.69
   89.26	 25.69
   89.92	 25.69
   90.58	 25.70
   91.24	 25.70
   91.91	 25.70
   92.57	 25.70
   93.23	 25.70
   93.90	 25.70
   94.56	 25.70
   95.22	 25.70
   95.88	 25.70
   96.55	 25.71
   97.21	 25.73
   97.87	 25.75
   98.53	 25.75
   99.20	 25.75
   99.86	 25.75
  100.52	 25.75
  101.18	 25.75
  101.85	 25.75
  102.51	 25.75
  103.17	 25.75
  103.83	 25.76
  104.49	 25.77
  105.16	 25.77
  105.82	 25.77
  106.48	 25.77
  107.14	 25.76
  107.80	 25.76
  108.47	 25.76
  109.13	 25.76
  109.79	 25.76
  110.45	 25.76
  111.11	 25.76
  111.77	 25.76
  112.44	 25.76
  113.10	 25.76
  113.76	 25.77
  114.42	 25.77
  115.08	 25.77
  115.74	 25.78
  116.40	 25.78
  117.06	 25.78
  117.73	 25.80
  118.39	 25.81
  119.05	 25.81
  119.71	 25.81
  120.37	 25.81
  121.03	 25.81
  121.69	 25.82
  122.35	 25.82
  123.01	 25.82
  123.67	 25.82
  124.33	 25.83
  125.00	 25.85
  125.66	 25.87
  126.32	 25.88
  126.98	 25.88
  127.64	 25.88
  128.30	 25.88
  128.96	 25.90
  129.62	 25.93
  130.28	 25.95
  130.94	 25.97
  131.60	 25.98
  132.26	 25.99
  132.92	 26.00
  133.58	 25.99
  134.24	 25.97
  134.90	 25.96
  135.56	 25.94
  136.22	 25.91
  136.88	 25.83
  137.54	 25.75
  138.20	 25.71
  138.86	 25.51
  139.52	 25.16
  140.18	 24.89
  140.84	 24.61
  141.50	 24.33
  142.16	 24.17
  142.82	 24.06
  143.48	 23.93
  144.14	 23.72
  144.79	 23.50
  145.45	 23.28
  146.11	 23.03
  146.77	 22.87
  147.43	 22.76
  148.09	 22.68
  148.75	 22.58
  149.41	 22.45
  150.07	 22.34
  150.73	 22.27
  151.39	 22.20
  152.04	 21.90
  152.70	 21.09
  153.36	 20.38
  154.02	 20.05
  154.68	 19.84
  155.34	 19.69
  156.00	 19.55
  156.65	 19.42
  157.31	 19.24
  157.97	 19.05
  158.63	 18.91
  159.29	 18.75
  159.95	 18.61
  160.60	 18.50
  161.26	 18.41
  161.92	 18.33
  162.58	 18.23
  163.24	 18.14
  163.90	 18.06
  164.55	 18.03
  165.21	 18.01
  165.87	 17.99
  166.53	 17.96
  167.18	 17.90
  167.84	 17.84
  168.50	 17.81
  169.16	 17.79
  169.82	 17.76
  170.47	 17.71
  171.13	 17.65
  171.79	 17.58
  172.45	 17.52
  173.10	 17.49
  173.76	 17.50
  174.42	 17.52
  175.07	 17.52
  175.73	 17.52
  176.39	 17.52
  177.05	 17.52
  177.70	 17.51
  178.36	 17.49
  179.02	 17.47
  179.67	 17.43
  180.33	 17.34
  180.99	 17.22
  181.64	 17.13
  182.30	 17.08
  182.96	 17.05
  183.61	 16.99
  184.27	 16.93
  184.93	 16.86
  185.58	 16.79
  186.24	 16.75
  186.90	 16.72
  187.55	 16.70
  188.21	 16.69
  188.87	 16.68
  189.52	 16.67
  190.18	 16.63
  190.83	 16.56
  191.49	 16.49
  192.15	 16.43
  192.80	 16.41
  193.46	 16.37
  194.11	 16.28
  194.77	 16.19
  195.43	 16.13
  196.08	 16.11
  196.74	 16.11
  197.39	 16.12
  198.05	 16.13
  198.71	 16.15
  199.36	 16.16
  200.02	 16.16
  200.67	 16.12
  201.33	 15.95
  201.98	 15.72
  202.64	 15.56
  203.29	 15.49
  203.95	 15.46
  204.60	 15.44
  205.26	 15.42
  205.91	 15.41
  206.57	 15.39
  207.22	 15.38
  207.88	 15.36
  208.53	 15.35
  209.19	 15.33
  209.84	 15.32
  210.50	 15.31
  211.15	 15.29
  211.81	 15.28
  212.46	 15.28
  213.12	 15.26
  213.77	 15.25
  214.43	 15.25
  215.08	 15.24
  215.74	 15.22
  216.39	 15.21
  217.04	 15.19
  217.70	 15.16
  218.35	 15.12
  219.01	 15.08
  219.66	 15.05
  220.32	 15.02
  220.97	 15.00
  221.62	 14.99
  222.28	 14.98
  222.93	 14.97
  223.59	 14.96
  224.24	 14.94
  224.89	 14.94
  225.55	 14.93
  226.20	 14.91
  226.85	 14.90
  227.51	 14.89
  228.16	 14.88
  228.81	 14.86
  229.47	 14.83
  230.12	 14.80
  230.78	 14.78
  231.43	 14.77
  232.08	 14.77
  232.74	 14.77
  233.39	 14.76
  234.04	 14.77
  234.69	 14.76
  235.35	 14.76
  236.00	 14.76
  236.65	 14.76
  237.31	 14.74
  237.96	 14.72
  238.61	 14.70
  239.27	 14.68
  239.92	 14.65
  240.57	 14.60
  241.22	 14.55
  241.88	 14.51
  242.53	 14.50
  243.18	 14.50
  243.83	 14.49
  244.49	 14.47
  245.14	 14.47
  245.79	 14.47
  246.44	 14.47
  247.10	 14.47
  247.75	 14.47
  248.40	 14.47
  249.05	 14.46
  249.70	 14.46
  250.36	 14.46
  251.01	 14.46
  251.66	 14.45
  252.31	 14.45
  252.96	 14.44
  253.62	 14.43
  254.27	 14.36
  254.92	 14.19
  255.57	 14.08
  256.22	 13.97
  256.88	 13.86
  257.53	 13.79
  258.18	 13.74
  258.83	 13.71
  259.48	 13.69
  260.13	 13.66
  260.78	 13.62
  261.44	 13.56
  262.09	 13.48
  262.74	 13.41
  263.39	 13.38
  264.04	 13.36
  264.69	 13.30
  265.34	 13.19
  265.99	 13.11
  266.64	 13.08
  267.29	 13.05
  267.95	 13.02
  268.60	 13.00
  269.25	 12.98
  269.90	 12.96
  270.55	 12.95
  271.20	 12.93
  271.85	 12.91
  272.50	 12.90
  273.15	 12.89
  273.80	 12.88
  274.45	 12.86
  275.10	 12.84
  275.75	 12.83
  276.40	 12.82
  277.05	 12.81
  277.70	 12.80
  278.35	 12.79
  279.00	 12.79
  279.65	 12.79
  280.30	 12.79
  280.95	 12.79
  281.60	 12.78
  282.25	 12.76
  282.90	 12.75
  283.55	 12.74
  284.20	 12.73
  284.85	 12.72
  285.50	 12.72
  286.15	 12.72
  286.80	 12.71
  287.45	 12.71
  288.10	 12.71
  288.75	 12.70
  289.40	 12.70
  290.05	 12.68
  290.70	 12.67
  291.35	 12.66
  292.00	 12.64
  292.64	 12.61
  293.29	 12.60
  293.94	 12.58
  294.59	 12.54
  295.24	 12.51
  295.89	 12.48
  296.54	 12.45
  297.19	 12.41
  297.84	 12.35
  298.49	 12.30
  299.13	 12.28
  299.78	 12.26
  300.43	 12.24
  301.08	 12.22
  301.73	 12.20
  302.38	 12.18
  303.02	 12.16
  303.67	 12.13
  304.32	 12.10
  304.97	 12.09
  305.62	 12.09
  306.27	 12.09
  306.91	 12.08
  307.56	 12.08
  308.21	 12.08
  308.86	 12.07
  309.51	 12.07
  310.15	 12.06
  310.80	 12.06
  311.45	 12.06
  312.10	 12.05
  312.75	 12.05
  313.39	 12.04
  314.04	 12.04
  314.69	 12.03
  315.34	 12.02
  315.98	 12.01
  316.63	 12.01
  317.28	 12.00
  317.93	 12.00
  318.57	 12.00
  319.22	 11.99
  319.87	 11.99
  320.52	 11.99
  321.16	 11.99
  321.81	 11.99
  322.46	 11.98
  323.10	 11.98
  323.75	 11.98
  324.40	 11.97
  325.04	 11.97
  325.69	 11.96
  326.34	 11.95
  326.99	 11.94
  327.63	 11.93
  328.28	 11.91
  328.92	 11.90
  329.57	 11.88
  330.22	 11.87
  330.86	 11.86
  331.51	 11.84
  332.16	 11.82
  332.80	 11.80
  333.45	 11.76
  334.10	 11.72
  334.74	 11.69
  335.39	 11.68
  336.03	 11.65
  336.68	 11.61
  337.33	 11.57
  337.97	 11.54
  338.62	 11.50
  339.26	 11.47
  339.91	 11.46
  340.56	 11.45
  341.20	 11.44
  341.85	 11.42
  342.49	 11.37
  343.14	 11.31
  343.78	 11.27
  344.43	 11.18
  345.08	 11.04
  345.72	 10.95
  346.37	 10.90
  347.01	 10.87
  347.66	 10.84
  348.30	 10.81
  348.95	 10.79
  349.59	 10.76
  350.24	 10.75
  350.88	 10.74
  351.53	 10.73
  352.17	 10.72
  352.82	 10.71
  353.46	 10.69
  354.11	 10.68
  354.75	 10.67
  355.40	 10.66
  356.04	 10.65
  356.69	 10.65
  357.33	 10.64
  357.98	 10.63
  358.62	 10.63
  359.27	 10.63
  359.91	 10.63
  360.55	 10.62
  361.20	 10.61
  361.84	 10.61
  362.49	 10.60
  363.13	 10.60
  363.78	 10.59
  364.42	 10.59
  365.06	 10.58
  365.71	 10.58
  366.35	 10.57
  367.00	 10.56
  367.64	 10.55
  368.28	 10.55
  368.93	 10.54
  369.57	 10.53
  370.22	 10.52
  370.86	 10.52
  371.50	 10.51
  372.15	 10.51
  372.79	 10.50
  373.43	 10.49
  374.08	 10.49
  374.72	 10.48
  375.36	 10.48
  376.01	 10.48
  376.65	 10.47
  377.29	 10.47
  377.94	 10.47
  378.58	 10.47
  379.22	 10.47
  379.87	 10.46
  380.51	 10.47
  381.15	 10.47
  381.79	 10.47
  382.44	 10.47
  383.08	 10.47
  383.72	 10.47
  384.37	 10.47
  385.01	 10.47
  385.65	 10.47
  386.29	 10.47
  386.94	 10.46
  387.58	 10.46
  388.22	 10.46
  388.86	 10.46
  389.51	 10.46
  390.15	 10.46
  390.79	 10.46
  391.43	 10.46
  392.08	 10.46
  392.72	 10.46
  393.36	 10.46
  394.00	 10.46
  394.64	 10.46
  395.29	 10.46
  395.93	 10.46
  396.57	 10.46
  397.21	 10.45
  397.85	 10.45
  398.50	 10.45
  399.14	 10.45
  399.78	 10.45
  400.42	 10.45
  401.06	 10.44
  401.70	 10.43
  402.35	 10.43
  402.99	 10.43
  403.63	 10.43
  404.27	 10.43
  404.91	 10.43
  405.55	 10.43
  406.19	 10.43
  406.83	 10.42
  407.48	 10.40
  408.12	 10.38
  408.76	 10.33
  409.40	 10.29
  410.04	 10.27
  410.68	 10.26
  411.32	 10.25
  411.96	 10.24
  412.60	 10.22
  413.24	 10.20
  413.88	 10.19
  414.52	 10.19
  415.17	 10.18
  415.81	 10.17
  416.45	 10.16
  417.09	 10.15
  417.73	 10.14
  418.37	 10.14
  419.01	 10.14
  419.65	 10.13
  420.29	 10.13
  420.93	 10.13
  421.57	 10.13
  422.21	 10.13
  422.85	 10.13
  423.49	 10.12
  424.13	 10.12
  424.77	 10.11
  425.41	 10.11
  426.05	 10.11
  426.69	 10.11
  427.33	 10.10
  427.97	 10.10
  428.61	 10.10
  429.25	 10.09
  429.89	 10.09
  430.53	 10.09
  431.17	 10.09
  431.80	 10.09
  432.44	 10.08
  433.08	 10.08
  433.72	 10.08
  434.36	 10.08
  435.00	 10.08
  435.64	 10.07
  436.28	 10.07
  436.92	 10.07
  437.56	 10.06
  438.20	 10.06
  438.84	 10.06
  439.47	 10.06
  440.11	 10.06
  440.75	 10.06
  441.39	 10.06
  442.03	 10.05
  442.67	 10.05
  443.31	 10.04
  443.95	 10.03
  444.58	 10.03
  445.22	 10.02
  445.86	 10.01
  446.50	  9.99
  447.14	  9.98
  447.78	  9.96
  448.41	  9.94
  449.05	  9.90
  449.69	  9.85
  450.33	  9.82
  450.97	  9.80
  451.60	  9.78
  452.24	  9.76
  452.88	  9.73
  453.52	  9.69
  454.16	  9.64
  454.79	  9.62
  455.43	  9.60
  456.07	  9.58
  456.71	  9.54
  457.35	  9.44
  457.98	  9.35
  458.62	  9.30
  459.26	  9.26
  459.90	  9.24
  460.53	  9.23
  461.17	  9.22
  461.81	  9.22
  462.44	  9.21
  463.08	  9.20
  463.72	  9.19
  464.36	  9.18
  464.99	  9.17
  465.63	  9.16
  466.27	  9.14
  466.90	  9.12
  467.54	  9.10
  468.18	  9.09
  468.81	  9.08
  469.45	  9.07
  470.09	  9.07
  470.72	  9.06
  471.36	  9.06
  472.00	  9.05
  472.63	  9.05
  473.27	  9.04
  473.91	  9.04
  474.54	  9.03
  475.18	  9.03
  475.82	  9.02
  476.45	  9.01
  477.09	  9.01
  477.73	  9.00
  478.36	  8.99
  479.00	  8.99
  479.63	  8.98
  480.27	  8.97
  480.91	  8.95
  481.54	  8.93
  482.18	  8.90
  482.81	  8.89
  483.45	  8.87
  484.08	  8.84
  484.72	  8.80
  485.36	  8.77
  485.99	  8.71
  486.63	  8.66
  487.26	  8.63
  487.90	  8.61
  488.53	  8.59
  489.17	  8.56
  489.80	  8.53
  490.44	  8.50
  491.07	  8.47
  491.71	  8.44
  492.34	  8.40
  492.98	  8.36
  493.62	  8.33
  494.25	  8.32
  494.89	  8.31
  495.52	  8.30
  496.15	  8.29
  496.79	  8.28
  497.42	  8.27
  498.06	  8.25
  498.69	  8.23
  499.33	  8.21
  499.96	  8.19
  500.60	  8.16
  501.23	  8.11
  501.87	  8.05
  502.50	  7.99
  503.14	  7.93
  503.77	  7.88
  504.40	  7.84
  505.04	  7.82
  505.67	  7.81
  506.31	  7.80
  506.94	  7.80
  507.57	  7.80
  508.21	  7.80
  508.84	  7.79
  509.48	  7.79
  510.11	  7.78
  510.74	  7.78
  511.38	  7.78
  512.01	  7.78
  512.65	  7.78
  513.28	  7.78
  513.91	  7.77
  514.55	  7.76
  515.18	  7.76
  515.81	  7.75
  516.45	  7.75
  517.08	  7.74
  517.71	  7.72
  518.35	  7.71
  518.98	  7.70
  519.61	  7.68
  520.25	  7.67
  520.88	  7.65
  521.51	  7.64
  522.15	  7.63
  522.78	  7.62
  523.41	  7.62
  524.04	  7.62
  524.68	  7.61
  525.31	  7.61
  525.94	  7.60
  526.58	  7.60
  527.21	  7.59
  527.84	  7.59
  528.47	  7.58
  529.11	  7.58
  529.74	  7.57
  530.37	  7.57
  531.00	  7.56
  531.64	  7.56
  532.27	  7.55
  532.90	  7.55
  533.53	  7.55
  534.17	  7.54
  534.80	  7.54
  535.43	  7.54
  536.06	  7.54
  536.69	  7.54
  537.33	  7.53
  537.96	  7.53
  538.59	  7.53
  539.22	  7.53
  539.85	  7.53
  540.48	  7.52
  541.12	  7.51
  541.75	  7.51
  542.38	  7.50
  543.01	  7.50
  543.64	  7.50
  544.27	  7.49
  544.91	  7.49
  545.54	  7.49
  546.17	  7.49
  546.80	  7.49
  547.43	  7.49
  548.06	  7.49
  548.69	  7.49
  549.32	  7.49
  549.95	  7.49
  550.59	  7.49
  551.22	  7.48
  551.85	  7.48
  552.48	  7.48
  553.11	  7.48
  553.74	  7.48
  554.37	  7.47
  555.00	  7.47
  555.63	  7.46
  556.26	  7.45
  556.89	  7.43
  557.52	  7.41
  558.15	  7.40
  558.78	  7.39
  559.42	  7.39
  560.05	  7.38
  560.68	  7.38
  561.31	  7.37
  561.94	  7.37
  562.57	  7.37
  563.20	  7.37
  563.83	  7.36
  564.46	  7.36
  565.09	  7.36
  565.72	  7.35
  566.35	  7.35
  566.98	  7.34
  567.61	  7.33
  568.24	  7.33
  568.87	  7.32
  569.50	  7.32
  570.12	  7.31
  570.75	  7.31
  571.38	  7.31
  572.01	  7.31
  572.64	  7.31
  573.27	  7.31
  573.90	  7.30
  574.53	  7.30
  575.16	  7.30
  575.79	  7.30
  576.42	  7.30
  577.05	  7.30
  577.68	  7.29
  578.31	  7.29
  578.93	  7.29
  579.56	  7.28
  580.19	  7.28
  580.82	  7.28
  581.45	  7.28
  582.08	  7.27
  582.71	  7.27
  583.34	  7.27
  583.97	  7.27
  584.59	  7.27
  585.22	  7.27
  585.85	  7.27
  586.48	  7.27
  587.11	  7.27
  587.74	  7.27
  588.36	  7.27
  588.99	  7.26
  589.62	  7.26
  590.25	  7.26
  590.88	  7.26
  591.50	  7.26
  592.13	  7.26
  592.76	  7.26
  593.39	  7.26
  594.02	  7.25
  594.64	  7.25
  595.27	  7.25
  595.90	  7.25
  596.53	  7.25
  597.16	  7.25
  597.78	  7.24
  598.41	  7.24
  599.04	  7.24
  599.67	  7.24
  600.29	  7.24
  600.92	  7.24
  601.55	  7.24
  602.18	  7.23
  602.80	  7.23
  603.43	  7.23
  604.06	  7.23
  604.68	  7.23
  605.31	  7.23
  605.94	  7.23
  606.57	  7.23
  607.19	  7.23
  607.82	  7.22
  608.45	  7.22
  609.07	  7.22
  609.70	  7.22
  610.33	  7.21
  610.95	  7.21
  611.58	  7.21
  612.21	  7.21
  612.83	  7.20
  613.46	  7.20
  614.09	  7.19
  614.71	  7.19
  615.34	  7.19
  615.97	  7.18
  616.59	  7.17
  617.22	  7.15
  617.84	  7.14
  618.47	  7.13
  619.10	  7.12
  619.72	  7.11
  620.35	  7.10
  620.97	  7.09
  621.60	  7.09
  622.23	  7.09
  622.85	  7.09
  623.48	  7.09
  624.10	  7.08
  624.73	  7.08
  625.35	  7.08
  625.98	  7.08
  626.61	  7.07
  627.23	  7.07
  627.86	  7.07
  628.48	  7.07
  629.11	  7.06
  629.73	  7.06
  630.36	  7.06
  630.98	  7.05
  631.61	  7.05
  632.23	  7.04
  632.86	  7.04
  633.48	  7.03
  634.11	  7.03
  634.73	  7.02
  635.36	  7.02
  635.98	  7.02
  636.61	  7.02
  637.23	  7.01
  637.86	  7.01
  638.48	  7.00
  639.11	  7.00
  639.73	  6.99
  640.36	  6.98
  640.98	  6.97
  641.61	  6.95
  642.23	  6.93
  642.85	  6.88
  643.48	  6.84
  644.10	  6.80
  644.73	  6.78
  645.35	  6.77
  645.98	  6.76
  646.60	  6.76
  647.22	  6.75
  647.85	  6.75
  648.47	  6.74
  649.10	  6.74
  649.72	  6.73
  650.34	  6.73
  650.97	  6.73
  651.59	  6.73
  652.22	  6.73
  652.84	  6.73
  653.46	  6.73
  654.09	  6.73
  654.71	  6.72
  655.33	  6.72
  655.96	  6.69
  656.58	  6.62
  657.20	  6.58
  657.83	  6.56
  658.45	  6.54
  659.07	  6.54
  659.70	  6.53
  660.32	  6.52
  660.94	  6.52
  661.57	  6.52
  662.19	  6.51
  662.81	  6.51
  663.43	  6.50
  664.06	  6.49
  664.68	  6.49
  665.30	  6.48
  665.93	  6.48
  666.55	  6.47
  667.17	  6.47
  667.79	  6.46
  668.42	  6.44
  669.04	  6.43
  669.66	  6.42
  670.28	  6.42
  670.91	  6.42
  671.53	  6.42
  672.15	  6.42
  672.77	  6.42
  673.39	  6.42
  674.02	  6.41
  674.64	  6.41
  675.26	  6.42
  675.88	  6.41
  676.51	  6.41
  677.13	  6.40
  677.75	  6.40
  678.37	  6.39
  678.99	  6.39
  679.61	  6.38
  680.24	  6.37
  680.86	  6.36
  681.48	  6.34
  682.10	  6.33
  682.72	  6.31
  683.34	  6.31
  683.97	  6.31
  684.59	  6.30
  685.21	  6.30
  685.83	  6.30
  686.45	  6.30
  687.07	  6.30
  687.69	  6.30
  688.31	  6.30
  688.93	  6.30
  689.56	  6.30
  690.18	  6.30
  690.80	  6.30
  691.42	  6.30
  692.04	  6.30
  692.66	  6.30
  693.28	  6.29
  693.90	  6.29
  694.52	  6.29
  695.14	  6.29
  695.76	  6.29
  696.38	  6.29
  697.00	  6.29
  697.62	  6.29
  698.25	  6.29
  698.87	  6.29
  699.49	  6.29
  700.11	  6.29
  700.73	  6.29
  701.35	  6.29
  701.97	  6.28
  702.59	  6.28
  703.21	  6.28
  703.83	  6.28
  704.45	  6.28
  705.07	  6.28
  705.69	  6.28
  706.31	  6.28
  706.93	  6.28
  707.55	  6.27
  708.17	  6.27
  708.78	  6.27
  709.40	  6.27
  710.02	  6.27
  710.64	  6.27
  711.26	  6.27
  711.88	  6.26
  712.50	  6.26
  713.12	  6.26
  713.74	  6.26
  714.36	  6.26
  714.98	  6.26
  715.60	  6.26
  716.22	  6.25
  716.84	  6.25
  717.46	  6.25
  718.07	  6.25
  718.69	  6.25
  719.31	  6.25
  719.93	  6.25
  720.55	  6.25
  721.17	  6.25
  721.79	  6.25
  722.41	  6.24
  723.02	  6.24
  723.64	  6.24
  724.26	  6.24
  724.88	  6.23
  725.50	  6.23
  726.12	  6.23
  726.73	  6.23
  727.35	  6.23
  727.97	  6.23
  728.59	  6.23
  729.21	  6.23
  729.83	  6.23
  730.44	  6.23
  731.06	  6.23
  731.68	  6.23
  732.30	  6.23
  732.92	  6.23
  733.53	  6.23
  734.15	  6.23
  734.77	  6.23
  735.39	  6.23
  736.00	  6.23
  736.62	  6.23
  737.24	  6.23
  737.86	  6.23
  738.47	  6.23
  739.09	  6.23
  739.71	  6.23
  740.33	  6.23
  740.94	  6.22
  741.56	  6.22
  742.18	  6.22
  742.79	  6.21
  743.41	  6.21
  744.03	  6.20
  744.65	  6.20
  745.26	  6.19
  745.88	  6.19
  746.50	  6.19
  747.11	  6.18
  747.73	  6.18
  748.35	  6.17
  748.96	  6.16
  749.58	  6.16
  750.20	  6.15
  750.81	  6.15
  751.43	  6.14
  752.05	  6.14
  752.66	  6.14
  753.28	  6.14
  753.90	  6.13
  754.51	  6.13
  755.13	  6.13
  755.74	  6.12
  756.36	  6.12
  756.98	  6.11
  757.59	  6.10
  758.21	  6.10
  758.82	  6.10
  759.44	  6.10
  760.06	  6.10
  760.67	  6.10
  761.29	  6.10
  761.90	  6.09
  762.52	  6.09
  763.14	  6.09
  763.75	  6.09
  764.37	  6.08
  764.98	  6.08
  765.60	  6.08
  766.21	  6.08
  766.83	  6.08
  767.44	  6.08
  768.06	  6.08
  768.67	  6.08
  769.29	  6.08
  769.90	  6.08
  770.52	  6.08
  771.14	  6.08
  771.75	  6.08
  772.37	  6.08
  772.98	  6.07
  773.59	  6.07
  774.21	  6.07
  774.82	  6.07
  775.44	  6.07
  776.05	  6.07
  776.67	  6.06
  777.28	  6.06
  777.90	  6.06
  778.51	  6.05
  779.13	  6.05
  779.74	  6.05
  780.36	  6.05
  780.97	  6.05
  781.58	  6.04
  782.20	  6.04
  782.81	  6.04
  783.43	  6.04
  784.04	  6.03
  784.66	  6.02
  785.27	  6.01
  785.88	  6.00
  786.50	  6.00
  787.11	  6.00
  787.73	  6.00
  788.34	  6.00
  788.95	  5.99
  789.57	  5.99
  790.18	  5.99
  790.79	  5.99
  791.41	  5.99
  792.02	  5.99
  792.63	  5.98
  793.25	  5.97
  793.86	  5.97
  794.47	  5.96
  795.09	  5.95
  795.70	  5.94
  796.31	  5.93
  796.93	  5.91
  797.54	  5.90
  798.15	  5.90
  798.77	  5.89
  799.38	  5.89
  799.99	  5.89
  800.61	  5.89
