Call Sign                      | WTDH
Latitude                       | 00 12.96 S
Longitude                      | 166 13.68 W
Transect Name                  | EX01
Transect Number                | 0
Sequence Number                | 5
Year                           | 2017
Month                          | 01
Day                            | 30
Hour                           | 21
Minute                         | 53
Ship Name                      | Okeanos Explorer
IMO Number                     | 8835114
SEAS ID                        | D014337D
SEAS Version                   | 920
Probe Serial Number            | 8888888
Probe Manufacture Date         | 01/01/2017
Data Type                      | 1 (Full Resolution)
Data Quality                   | 0 (Data Not Suspect)
Deployment Height (meters)     | 5.00
Ship Direction                 | 0
Ship Speed (knots)             | 0.00
Instrument Type                | Sippican Deep Blue (Code 52)
Recorder Type                  | Sippican MK-21 (Code 6)
Wind Instrument Type           | 
Wind Direction                 | -1
Wind Speed (knots)             | -1
Dry Bulb Temperature (celsius) | -1.00
Current Measurement Method     | 
Current Direction              | -1
Current Speed (knots)          | -1
Total Water Depth (meters)     | -1
===================================================================
Full Resolution Values
   Depth	 Temperature
    0.67	 26.31
    1.34	 26.22
    2.01	 26.20
    2.68	 26.19
    3.34	 26.19
    4.01	 26.18
    4.68	 26.18
    5.35	 26.17
    6.02	 26.17
    6.69	 26.16
    7.36	 26.14
    8.03	 26.13
    8.69	 26.13
    9.36	 26.12
   10.03	 26.11
   10.70	 26.11
   11.37	 26.11
   12.04	 26.10
   12.70	 26.10
   13.37	 26.10
   14.04	 26.10
   14.71	 26.09
   15.38	 26.09
   16.05	 26.09
   16.71	 26.09
   17.38	 26.09
   18.05	 26.09
   18.72	 26.08
   19.38	 26.08
   20.05	 26.08
   20.72	 26.08
   21.39	 26.08
   22.06	 26.07
   22.72	 26.07
   23.39	 26.07
   24.06	 26.07
   24.73	 26.07
   25.39	 26.07
   26.06	 26.07
   26.73	 26.07
   27.40	 26.06
   28.06	 26.05
   28.73	 26.05
   29.40	 26.05
   30.06	 26.05
   30.73	 26.05
   31.40	 26.05
   32.06	 26.04
   32.73	 26.04
   33.40	 26.04
   34.07	 26.04
   34.73	 26.04
   35.40	 26.03
   36.07	 26.03
   36.73	 26.03
   37.40	 26.03
   38.07	 26.03
   38.73	 26.03
   39.40	 26.03
   40.06	 26.02
   40.73	 26.02
   41.40	 26.02
   42.06	 26.02
   42.73	 26.01
   43.40	 26.01
   44.06	 26.01
   44.73	 26.01
   45.39	 26.01
   46.06	 26.00
   46.73	 25.99
   47.39	 25.99
   48.06	 25.99
   48.72	 25.99
   49.39	 25.98
   50.06	 25.97
   50.72	 25.97
   51.39	 25.96
   52.05	 25.95
   52.72	 25.95
   53.38	 25.95
   54.05	 25.95
   54.71	 25.94
   55.38	 25.93
   56.05	 25.93
   56.71	 25.92
   57.38	 25.91
   58.04	 25.91
   58.71	 25.90
   59.37	 25.90
   60.04	 25.88
   60.70	 25.86
   61.37	 25.86
   62.03	 25.85
   62.70	 25.85
   63.36	 25.84
   64.03	 25.84
   64.69	 25.83
   65.36	 25.83
   66.02	 25.81
   66.68	 25.79
   67.35	 25.78
   68.01	 25.78
   68.68	 25.76
   69.34	 25.75
   70.01	 25.74
   70.67	 25.73
   71.34	 25.72
   72.00	 25.71
   72.66	 25.69
   73.33	 25.67
   73.99	 25.65
   74.66	 25.64
   75.32	 25.63
   75.98	 25.62
   76.65	 25.62
   77.31	 25.61
   77.98	 25.60
   78.64	 25.59
   79.30	 25.59
   79.97	 25.59
   80.63	 25.59
   81.30	 25.59
   81.96	 25.60
   82.62	 25.60
   83.29	 25.60
   83.95	 25.60
   84.61	 25.61
   85.28	 25.62
   85.94	 25.63
   86.60	 25.63
   87.27	 25.63
   87.93	 25.63
   88.59	 25.63
   89.26	 25.64
   89.92	 25.65
   90.58	 25.65
   91.24	 25.65
   91.91	 25.64
   92.57	 25.64
   93.23	 25.64
   93.90	 25.65
   94.56	 25.66
   95.22	 25.66
   95.88	 25.66
   96.55	 25.66
   97.21	 25.66
   97.87	 25.67
   98.53	 25.67
   99.20	 25.67
   99.86	 25.68
  100.52	 25.68
  101.18	 25.68
  101.85	 25.69
  102.51	 25.69
  103.17	 25.70
  103.83	 25.70
  104.49	 25.70
  105.16	 25.71
  105.82	 25.72
  106.48	 25.72
  107.14	 25.72
  107.80	 25.72
  108.47	 25.73
  109.13	 25.72
  109.79	 25.73
  110.45	 25.73
  111.11	 25.73
  111.77	 25.73
  112.44	 25.73
  113.10	 25.73
  113.76	 25.73
  114.42	 25.73
  115.08	 25.73
  115.74	 25.73
  116.40	 25.74
  117.06	 25.74
  117.73	 25.74
  118.39	 25.75
  119.05	 25.75
  119.71	 25.76
  120.37	 25.77
  121.03	 25.78
  121.69	 25.80
  122.35	 25.81
  123.01	 25.82
  123.67	 25.83
  124.33	 25.83
  125.00	 25.84
  125.66	 25.85
  126.32	 25.85
  126.98	 25.85
  127.64	 25.85
  128.30	 25.87
  128.96	 25.89
  129.62	 25.86
  130.28	 25.83
  130.94	 25.73
  131.60	 25.64
  132.26	 25.46
  132.92	 25.09
  133.58	 24.78
  134.24	 24.45
  134.90	 24.18
  135.56	 24.01
  136.22	 23.81
  136.88	 23.51
  137.54	 23.26
  138.20	 22.93
  138.86	 22.67
  139.52	 22.53
  140.18	 22.45
  140.84	 22.31
  141.50	 22.09
  142.16	 21.75
  142.82	 21.26
  143.48	 20.84
  144.14	 20.57
  144.79	 20.36
  145.45	 20.11
  146.11	 19.91
  146.77	 19.80
  147.43	 19.74
  148.09	 19.67
  148.75	 19.55
  149.41	 19.44
  150.07	 19.37
  150.73	 19.28
  151.39	 19.14
  152.04	 18.98
  152.70	 18.87
  153.36	 18.78
  154.02	 18.68
  154.68	 18.57
  155.34	 18.49
  156.00	 18.45
  156.65	 18.42
  157.31	 18.33
  157.97	 18.19
  158.63	 18.12
  159.29	 18.10
  159.95	 18.09
  160.60	 18.07
  161.26	 18.06
  161.92	 18.05
  162.58	 18.04
  163.24	 18.03
  163.90	 18.01
  164.55	 18.01
  165.21	 18.00
  165.87	 17.98
  166.53	 17.95
  167.18	 17.91
  167.84	 17.87
  168.50	 17.84
  169.16	 17.82
  169.82	 17.81
  170.47	 17.80
  171.13	 17.77
  171.79	 17.66
  172.45	 17.54
  173.10	 17.46
  173.76	 17.41
  174.42	 17.39
  175.07	 17.37
  175.73	 17.36
  176.39	 17.35
  177.05	 17.36
  177.70	 17.38
  178.36	 17.40
  179.02	 17.41
  179.67	 17.40
  180.33	 17.40
  180.99	 17.39
  181.64	 17.37
  182.30	 17.33
  182.96	 17.30
  183.61	 17.26
  184.27	 17.22
  184.93	 17.16
  185.58	 17.10
  186.24	 17.07
  186.90	 17.05
  187.55	 17.02
  188.21	 16.96
  188.87	 16.88
  189.52	 16.79
  190.18	 16.73
  190.83	 16.70
  191.49	 16.65
  192.15	 16.58
  192.80	 16.54
  193.46	 16.50
  194.11	 16.48
  194.77	 16.44
  195.43	 16.38
  196.08	 16.26
  196.74	 16.15
  197.39	 16.09
  198.05	 16.06
  198.71	 16.05
  199.36	 16.04
  200.02	 16.03
  200.67	 16.03
  201.33	 16.03
  201.98	 16.04
  202.64	 15.97
  203.29	 15.80
  203.95	 15.63
  204.60	 15.51
  205.26	 15.45
  205.91	 15.42
  206.57	 15.39
  207.22	 15.36
  207.88	 15.33
  208.53	 15.31
  209.19	 15.29
  209.84	 15.27
  210.50	 15.25
  211.15	 15.23
  211.81	 15.22
  212.46	 15.21
  213.12	 15.20
  213.77	 15.19
  214.43	 15.18
  215.08	 15.18
  215.74	 15.17
  216.39	 15.16
  217.04	 15.13
  217.70	 15.11
  218.35	 15.08
  219.01	 15.05
  219.66	 15.03
  220.32	 15.02
  220.97	 15.01
  221.62	 15.01
  222.28	 15.01
  222.93	 14.99
  223.59	 14.97
  224.24	 14.96
  224.89	 14.95
  225.55	 14.95
  226.20	 14.95
  226.85	 14.95
  227.51	 14.94
  228.16	 14.92
  228.81	 14.91
  229.47	 14.88
  230.12	 14.86
  230.78	 14.83
  231.43	 14.80
  232.08	 14.77
  232.74	 14.74
  233.39	 14.72
  234.04	 14.71
  234.69	 14.72
  235.35	 14.73
  236.00	 14.73
  236.65	 14.73
  237.31	 14.72
  237.96	 14.70
  238.61	 14.65
  239.27	 14.62
  239.92	 14.60
  240.57	 14.55
  241.22	 14.49
  241.88	 14.46
  242.53	 14.44
  243.18	 14.44
  243.83	 14.44
  244.49	 14.44
  245.14	 14.43
  245.79	 14.44
  246.44	 14.43
  247.10	 14.43
  247.75	 14.42
  248.40	 14.43
  249.05	 14.43
  249.70	 14.42
  250.36	 14.42
  251.01	 14.42
  251.66	 14.42
  252.31	 14.42
  252.96	 14.41
  253.62	 14.40
  254.27	 14.37
  254.92	 14.32
  255.57	 14.14
  256.22	 13.88
  256.88	 13.75
  257.53	 13.71
  258.18	 13.70
  258.83	 13.68
  259.48	 13.65
  260.13	 13.61
  260.78	 13.56
  261.44	 13.50
  262.09	 13.44
  262.74	 13.41
  263.39	 13.39
  264.04	 13.38
  264.69	 13.32
  265.34	 13.24
  265.99	 13.17
  266.64	 13.12
  267.29	 13.09
  267.95	 13.04
  268.60	 12.97
  269.25	 12.92
  269.90	 12.89
  270.55	 12.87
  271.20	 12.86
  271.85	 12.85
  272.50	 12.83
  273.15	 12.80
  273.80	 12.78
  274.45	 12.77
  275.10	 12.77
  275.75	 12.77
  276.40	 12.76
  277.05	 12.75
  277.70	 12.73
  278.35	 12.71
  279.00	 12.69
  279.65	 12.69
  280.30	 12.68
  280.95	 12.68
  281.60	 12.67
  282.25	 12.67
  282.90	 12.67
  283.55	 12.67
  284.20	 12.66
  284.85	 12.65
  285.50	 12.64
  286.15	 12.63
  286.80	 12.62
  287.45	 12.62
  288.10	 12.61
  288.75	 12.60
  289.40	 12.57
  290.05	 12.54
  290.70	 12.52
  291.35	 12.49
  292.00	 12.45
  292.64	 12.42
  293.29	 12.40
  293.94	 12.36
  294.59	 12.31
  295.24	 12.27
  295.89	 12.24
  296.54	 12.22
  297.19	 12.19
  297.84	 12.17
  298.49	 12.15
  299.13	 12.13
  299.78	 12.11
  300.43	 12.08
  301.08	 12.07
  301.73	 12.06
  302.38	 12.04
  303.02	 12.03
  303.67	 12.02
  304.32	 12.02
  304.97	 12.02
  305.62	 12.02
  306.27	 12.01
  306.91	 12.01
  307.56	 12.01
  308.21	 12.01
  308.86	 12.00
  309.51	 12.00
  310.15	 11.99
  310.80	 11.98
  311.45	 11.97
  312.10	 11.96
  312.75	 11.95
  313.39	 11.95
  314.04	 11.95
  314.69	 11.94
  315.34	 11.94
  315.98	 11.94
  316.63	 11.94
  317.28	 11.94
  317.93	 11.94
  318.57	 11.93
  319.22	 11.93
  319.87	 11.93
  320.52	 11.93
  321.16	 11.93
  321.81	 11.92
  322.46	 11.90
  323.10	 11.88
  323.75	 11.87
  324.40	 11.86
  325.04	 11.84
  325.69	 11.83
  326.34	 11.82
  326.99	 11.80
  327.63	 11.79
  328.28	 11.77
  328.92	 11.74
  329.57	 11.71
  330.22	 11.68
  330.86	 11.66
  331.51	 11.64
  332.16	 11.62
  332.80	 11.61
  333.45	 11.60
  334.10	 11.57
  334.74	 11.54
  335.39	 11.52
  336.03	 11.48
  336.68	 11.45
  337.33	 11.41
  337.97	 11.37
  338.62	 11.32
  339.26	 11.26
  339.91	 11.17
  340.56	 11.08
  341.20	 10.99
  341.85	 10.92
  342.49	 10.85
  343.14	 10.81
  343.78	 10.80
  344.43	 10.79
  345.08	 10.79
  345.72	 10.78
  346.37	 10.77
  347.01	 10.76
  347.66	 10.74
  348.30	 10.73
  348.95	 10.72
  349.59	 10.71
  350.24	 10.70
  350.88	 10.70
  351.53	 10.68
  352.17	 10.66
  352.82	 10.64
  353.46	 10.63
  354.11	 10.62
  354.75	 10.61
  355.40	 10.60
  356.04	 10.59
  356.69	 10.58
  357.33	 10.58
  357.98	 10.57
  358.62	 10.56
  359.27	 10.56
  359.91	 10.55
  360.55	 10.55
  361.20	 10.54
  361.84	 10.53
  362.49	 10.53
  363.13	 10.52
  363.78	 10.52
  364.42	 10.52
  365.06	 10.51
  365.71	 10.51
  366.35	 10.50
  367.00	 10.50
  367.64	 10.49
  368.28	 10.48
  368.93	 10.48
  369.57	 10.47
  370.22	 10.46
  370.86	 10.46
  371.50	 10.45
  372.15	 10.44
  372.79	 10.43
  373.43	 10.43
  374.08	 10.42
  374.72	 10.42
  375.36	 10.41
  376.01	 10.40
  376.65	 10.39
  377.29	 10.39
  377.94	 10.39
  378.58	 10.39
  379.22	 10.39
  379.87	 10.39
  380.51	 10.39
  381.15	 10.39
  381.79	 10.39
  382.44	 10.39
  383.08	 10.39
  383.72	 10.39
  384.37	 10.39
  385.01	 10.39
  385.65	 10.39
  386.29	 10.39
  386.94	 10.39
  387.58	 10.39
  388.22	 10.39
  388.86	 10.38
  389.51	 10.38
  390.15	 10.38
  390.79	 10.38
  391.43	 10.38
  392.08	 10.38
  392.72	 10.38
  393.36	 10.38
  394.00	 10.38
  394.64	 10.38
  395.29	 10.38
  395.93	 10.38
  396.57	 10.38
  397.21	 10.38
  397.85	 10.38
  398.50	 10.37
  399.14	 10.37
  399.78	 10.37
  400.42	 10.37
  401.06	 10.37
  401.70	 10.37
  402.35	 10.36
  402.99	 10.36
  403.63	 10.36
  404.27	 10.36
  404.91	 10.35
  405.55	 10.35
  406.19	 10.35
  406.83	 10.34
  407.48	 10.34
  408.12	 10.33
  408.76	 10.30
  409.40	 10.26
  410.04	 10.23
  410.68	 10.21
  411.32	 10.20
  411.96	 10.20
  412.60	 10.19
  413.24	 10.16
  413.88	 10.14
  414.52	 10.13
  415.17	 10.12
  415.81	 10.11
  416.45	 10.10
  417.09	 10.09
  417.73	 10.08
  418.37	 10.08
  419.01	 10.07
  419.65	 10.06
  420.29	 10.06
  420.93	 10.06
  421.57	 10.06
  422.21	 10.06
  422.85	 10.05
  423.49	 10.05
  424.13	 10.04
  424.77	 10.04
  425.41	 10.03
  426.05	 10.03
  426.69	 10.03
  427.33	 10.02
  427.97	 10.02
  428.61	 10.02
  429.25	 10.01
  429.89	 10.01
  430.53	 10.00
  431.17	 10.00
  431.80	 10.00
  432.44	 10.00
  433.08	  9.99
  433.72	  9.99
  434.36	  9.99
  435.00	  9.99
  435.64	  9.99
  436.28	  9.99
  436.92	  9.99
  437.56	  9.99
  438.20	  9.99
  438.84	  9.99
  439.47	  9.99
  440.11	  9.98
  440.75	  9.97
  441.39	  9.97
  442.03	  9.96
  442.67	  9.94
  443.31	  9.93
  443.95	  9.92
  444.58	  9.92
  445.22	  9.90
  445.86	  9.89
  446.50	  9.86
  447.14	  9.82
  447.78	  9.78
  448.41	  9.77
  449.05	  9.76
  449.69	  9.75
  450.33	  9.73
  450.97	  9.71
  451.60	  9.69
  452.24	  9.67
  452.88	  9.67
  453.52	  9.65
  454.16	  9.62
  454.79	  9.58
  455.43	  9.55
  456.07	  9.53
  456.71	  9.51
  457.35	  9.44
  457.98	  9.34
  458.62	  9.26
  459.26	  9.20
  459.90	  9.17
  460.53	  9.15
  461.17	  9.13
  461.81	  9.12
  462.44	  9.10
  463.08	  9.07
  463.72	  9.05
  464.36	  9.03
  464.99	  9.01
  465.63	  9.00
  466.27	  9.00
  466.90	  8.99
  467.54	  8.98
  468.18	  8.98
  468.81	  8.97
  469.45	  8.96
  470.09	  8.96
  470.72	  8.95
  471.36	  8.95
  472.00	  8.95
  472.63	  8.94
  473.27	  8.94
  473.91	  8.94
  474.54	  8.93
  475.18	  8.93
  475.82	  8.92
  476.45	  8.92
  477.09	  8.92
  477.73	  8.91
  478.36	  8.89
  479.00	  8.87
  479.63	  8.85
  480.27	  8.84
  480.91	  8.83
  481.54	  8.82
  482.18	  8.81
  482.81	  8.79
  483.45	  8.76
  484.08	  8.74
  484.72	  8.70
  485.36	  8.66
  485.99	  8.63
  486.63	  8.61
  487.26	  8.59
  487.90	  8.58
  488.53	  8.56
  489.17	  8.54
  489.80	  8.52
  490.44	  8.48
  491.07	  8.45
  491.71	  8.42
  492.34	  8.40
  492.98	  8.38
  493.62	  8.36
  494.25	  8.34
  494.89	  8.32
  495.52	  8.29
  496.15	  8.27
  496.79	  8.25
  497.42	  8.24
  498.06	  8.23
  498.69	  8.23
  499.33	  8.22
  499.96	  8.20
  500.60	  8.19
  501.23	  8.17
  501.87	  8.15
  502.50	  8.13
  503.14	  8.09
  503.77	  8.03
  504.40	  7.99
  505.04	  7.95
  505.67	  7.91
  506.31	  7.88
  506.94	  7.84
  507.57	  7.80
  508.21	  7.77
  508.84	  7.75
  509.48	  7.74
  510.11	  7.73
  510.74	  7.73
  511.38	  7.72
  512.01	  7.71
  512.65	  7.70
  513.28	  7.70
  513.91	  7.70
  514.55	  7.69
  515.18	  7.69
  515.81	  7.68
  516.45	  7.68
  517.08	  7.67
  517.71	  7.66
  518.35	  7.66
  518.98	  7.65
  519.61	  7.65
  520.25	  7.64
  520.88	  7.63
  521.51	  7.61
  522.15	  7.60
  522.78	  7.58
  523.41	  7.57
  524.04	  7.57
  524.68	  7.56
  525.31	  7.56
  525.94	  7.55
  526.58	  7.53
  527.21	  7.53
  527.84	  7.52
  528.47	  7.51
  529.11	  7.50
  529.74	  7.50
  530.37	  7.49
  531.00	  7.49
  531.64	  7.49
  532.27	  7.48
  532.90	  7.48
  533.53	  7.48
  534.17	  7.47
  534.80	  7.47
  535.43	  7.47
  536.06	  7.46
  536.69	  7.46
  537.33	  7.46
  537.96	  7.45
  538.59	  7.45
  539.22	  7.45
  539.85	  7.45
  540.48	  7.44
  541.12	  7.44
  541.75	  7.43
  542.38	  7.43
  543.01	  7.43
  543.64	  7.43
  544.27	  7.42
  544.91	  7.42
  545.54	  7.42
  546.17	  7.42
  546.80	  7.42
  547.43	  7.42
  548.06	  7.41
  548.69	  7.41
  549.32	  7.40
  549.95	  7.39
  550.59	  7.38
  551.22	  7.36
  551.85	  7.34
  552.48	  7.32
  553.11	  7.31
  553.74	  7.31
  554.37	  7.30
  555.00	  7.30
  555.63	  7.29
  556.26	  7.28
  556.89	  7.27
  557.52	  7.27
  558.15	  7.26
  558.78	  7.26
  559.42	  7.25
  560.05	  7.25
  560.68	  7.24
  561.31	  7.23
  561.94	  7.23
  562.57	  7.22
  563.20	  7.22
  563.83	  7.22
  564.46	  7.22
  565.09	  7.22
  565.72	  7.22
  566.35	  7.22
  566.98	  7.21
  567.61	  7.21
  568.24	  7.21
  568.87	  7.21
  569.50	  7.20
  570.12	  7.20
  570.75	  7.20
  571.38	  7.20
  572.01	  7.19
  572.64	  7.19
  573.27	  7.19
  573.90	  7.19
  574.53	  7.18
  575.16	  7.18
  575.79	  7.18
  576.42	  7.18
  577.05	  7.18
  577.68	  7.17
  578.31	  7.17
  578.93	  7.17
  579.56	  7.17
  580.19	  7.17
  580.82	  7.17
  581.45	  7.17
  582.08	  7.17
  582.71	  7.17
  583.34	  7.16
  583.97	  7.16
  584.59	  7.16
  585.22	  7.16
  585.85	  7.16
  586.48	  7.16
  587.11	  7.16
  587.74	  7.16
  588.36	  7.15
  588.99	  7.15
  589.62	  7.15
  590.25	  7.15
  590.88	  7.15
  591.50	  7.14
  592.13	  7.14
  592.76	  7.14
  593.39	  7.14
  594.02	  7.14
  594.64	  7.14
  595.27	  7.13
  595.90	  7.13
  596.53	  7.12
  597.16	  7.12
  597.78	  7.11
  598.41	  7.10
  599.04	  7.09
  599.67	  7.07
  600.29	  7.06
  600.92	  7.04
  601.55	  7.04
  602.18	  7.03
  602.80	  7.03
  603.43	  7.02
  604.06	  7.02
  604.68	  7.01
  605.31	  7.01
  605.94	  7.01
  606.57	  7.01
  607.19	  7.01
  607.82	  7.00
  608.45	  7.00
  609.07	  6.99
  609.70	  6.98
  610.33	  6.97
  610.95	  6.97
  611.58	  6.97
  612.21	  6.96
  612.83	  6.96
  613.46	  6.96
  614.09	  6.95
  614.71	  6.95
  615.34	  6.95
  615.97	  6.94
  616.59	  6.94
  617.22	  6.94
  617.84	  6.93
  618.47	  6.93
  619.10	  6.91
  619.72	  6.90
  620.35	  6.88
  620.97	  6.86
  621.60	  6.84
  622.23	  6.81
  622.85	  6.76
  623.48	  6.72
  624.10	  6.70
  624.73	  6.69
  625.35	  6.68
  625.98	  6.67
  626.61	  6.66
  627.23	  6.66
  627.86	  6.66
  628.48	  6.66
  629.11	  6.65
  629.73	  6.65
  630.36	  6.65
  630.98	  6.65
  631.61	  6.65
  632.23	  6.65
  632.86	  6.65
  633.48	  6.63
  634.11	  6.58
  634.73	  6.53
  635.36	  6.51
  635.98	  6.48
  636.61	  6.46
  637.23	  6.45
  637.86	  6.44
  638.48	  6.44
  639.11	  6.43
  639.73	  6.43
  640.36	  6.42
  640.98	  6.42
  641.61	  6.42
  642.23	  6.41
  642.85	  6.41
  643.48	  6.41
  644.10	  6.40
  644.73	  6.40
  645.35	  6.39
  645.98	  6.38
  646.60	  6.38
  647.22	  6.38
  647.85	  6.37
  648.47	  6.37
  649.10	  6.37
  649.72	  6.36
  650.34	  6.36
  650.97	  6.36
  651.59	  6.35
  652.22	  6.35
  652.84	  6.35
  653.46	  6.35
  654.09	  6.35
  654.71	  6.35
  655.33	  6.35
  655.96	  6.35
  656.58	  6.35
  657.20	  6.35
  657.83	  6.34
  658.45	  6.34
  659.07	  6.34
  659.70	  6.34
  660.32	  6.34
  660.94	  6.34
  661.57	  6.33
  662.19	  6.33
  662.81	  6.33
  663.43	  6.33
  664.06	  6.32
  664.68	  6.32
  665.30	  6.32
  665.93	  6.32
  666.55	  6.31
  667.17	  6.31
  667.79	  6.31
  668.42	  6.31
  669.04	  6.31
  669.66	  6.31
  670.28	  6.31
  670.91	  6.30
  671.53	  6.30
  672.15	  6.30
  672.77	  6.29
  673.39	  6.29
  674.02	  6.28
  674.64	  6.27
  675.26	  6.25
  675.88	  6.24
  676.51	  6.23
  677.13	  6.23
  677.75	  6.22
  678.37	  6.22
  678.99	  6.22
  679.61	  6.21
  680.24	  6.21
  680.86	  6.21
  681.48	  6.21
  682.10	  6.21
  682.72	  6.20
  683.34	  6.20
  683.97	  6.20
  684.59	  6.20
  685.21	  6.20
  685.83	  6.20
  686.45	  6.20
  687.07	  6.20
  687.69	  6.20
  688.31	  6.20
  688.93	  6.20
  689.56	  6.20
  690.18	  6.20
  690.80	  6.20
  691.42	  6.20
  692.04	  6.20
  692.66	  6.20
  693.28	  6.20
  693.90	  6.20
  694.52	  6.20
  695.14	  6.20
  695.76	  6.20
  696.38	  6.20
  697.00	  6.20
  697.62	  6.20
  698.25	  6.20
  698.87	  6.20
  699.49	  6.19
  700.11	  6.19
  700.73	  6.19
  701.35	  6.19
  701.97	  6.19
  702.59	  6.19
  703.21	  6.19
  703.83	  6.19
  704.45	  6.19
  705.07	  6.19
  705.69	  6.19
  706.31	  6.18
  706.93	  6.18
  707.55	  6.18
  708.17	  6.18
  708.78	  6.18
  709.40	  6.18
  710.02	  6.18
  710.64	  6.18
  711.26	  6.17
  711.88	  6.17
  712.50	  6.17
  713.12	  6.17
  713.74	  6.17
  714.36	  6.17
  714.98	  6.17
  715.60	  6.17
  716.22	  6.17
  716.84	  6.17
  717.46	  6.17
  718.07	  6.17
  718.69	  6.17
  719.31	  6.16
  719.93	  6.16
  720.55	  6.16
  721.17	  6.16
  721.79	  6.16
  722.41	  6.16
  723.02	  6.15
  723.64	  6.15
  724.26	  6.15
  724.88	  6.15
  725.50	  6.15
  726.12	  6.15
  726.73	  6.15
  727.35	  6.15
  727.97	  6.15
  728.59	  6.15
  729.21	  6.15
  729.83	  6.15
  730.44	  6.15
  731.06	  6.15
  731.68	  6.15
  732.30	  6.15
  732.92	  6.15
  733.53	  6.15
  734.15	  6.15
  734.77	  6.15
  735.39	  6.15
  736.00	  6.14
  736.62	  6.14
  737.24	  6.14
  737.86	  6.14
  738.47	  6.13
  739.09	  6.13
  739.71	  6.12
  740.33	  6.11
  740.94	  6.11
  741.56	  6.10
  742.18	  6.10
  742.79	  6.09
  743.41	  6.09
  744.03	  6.09
  744.65	  6.08
  745.26	  6.07
  745.88	  6.07
  746.50	  6.06
  747.11	  6.06
  747.73	  6.06
  748.35	  6.06
  748.96	  6.06
  749.58	  6.06
  750.20	  6.05
  750.81	  6.05
  751.43	  6.05
  752.05	  6.05
  752.66	  6.05
  753.28	  6.05
  753.90	  6.04
  754.51	  6.04
  755.13	  6.03
  755.74	  6.03
  756.36	  6.02
  756.98	  6.02
  757.59	  6.02
  758.21	  6.02
  758.82	  6.02
  759.44	  6.02
  760.06	  6.02
  760.67	  6.02
  761.29	  6.01
  761.90	  6.02
  762.52	  6.01
  763.14	  6.01
  763.75	  6.01
  764.37	  6.00
  764.98	  6.00
  765.60	  6.00
  766.21	  6.00
  766.83	  6.00
  767.44	  6.00
  768.06	  6.00
  768.67	  6.00
  769.29	  6.00
  769.90	  6.00
  770.52	  6.00
  771.14	  5.99
  771.75	  5.99
  772.37	  5.99
  772.98	  5.99
  773.59	  5.98
  774.21	  5.98
  774.82	  5.98
  775.44	  5.98
  776.05	  5.97
  776.67	  5.97
  777.28	  5.97
  777.90	  5.97
  778.51	  5.97
  779.13	  5.96
  779.74	  5.96
  780.36	  5.96
  780.97	  5.95
  781.58	  5.95
  782.20	  5.94
  782.81	  5.94
  783.43	  5.93
  784.04	  5.93
  784.66	  5.92
  785.27	  5.92
  785.88	  5.92
  786.50	  5.92
  787.11	  5.92
  787.73	  5.92
  788.34	  5.92
  788.95	  5.92
  789.57	  5.91
  790.18	  5.91
  790.79	  5.91
  791.41	  5.90
  792.02	  5.89
  792.63	  5.88
  793.25	  5.87
  793.86	  5.86
  794.47	  5.85
  795.09	  5.83
  795.70	  5.82
  796.31	  5.81
  796.93	  5.80
  797.54	  5.79
  798.15	  5.79
  798.77	  5.79
  799.38	  5.79
  799.99	  5.79
  800.61	  5.79
  801.22	  5.79
  801.83	  5.79
  802.44	  5.79
  803.06	  5.79
  803.67	  5.78
  804.28	  5.78
  804.90	  5.78
  805.51	  5.78
  806.12	  5.78
  806.73	  5.78
  807.34	  5.77
  807.96	  5.77
  808.57	  5.77
  809.18	  5.77
  809.79	  5.76
  810.41	  5.75
  811.02	  5.74
  811.63	  5.73
  812.24	  5.72
  812.85	  5.72
  813.47	  5.71
  814.08	  5.71
  814.69	  5.71
  815.30	  5.70
  815.91	  5.70
  816.53	  5.70
  817.14	  5.70
  817.75	  5.69
  818.36	  5.69
  818.97	  5.69
  819.58	  5.69
  820.20	  5.69
  820.81	  5.68
  821.42	  5.68
  822.03	  5.68
  822.64	  5.68
  823.25	  5.67
  823.86	  5.67
  824.47	  5.67
  825.09	  5.67
  825.70	  5.66
  826.31	  5.66
  826.92	  5.66
  827.53	  5.66
  828.14	  5.66
  828.75	  5.66
  829.36	  5.66
  829.97	  5.66
  830.58	  5.64
  831.19	  5.63
  831.80	  5.61
  832.42	  5.60
  833.03	  5.60
  833.64	  5.60
  834.25	  5.59
  834.86	  5.59
  835.47	  5.58
  836.08	  5.57
  836.69	  5.56
  837.30	  5.55
  837.91	  5.55
  838.52	  5.54
  839.13	  5.53
  839.74	  5.52
  840.35	  5.52
  840.96	  5.52
  841.57	  5.51
  842.18	  5.51
  842.79	  5.51
  843.40	  5.50
  844.01	  5.50
  844.62	  5.50
  845.23	  5.50
  845.84	  5.49
  846.45	  5.49
  847.06	  5.49
  847.67	  5.49
  848.27	  5.48
  848.88	  5.47
  849.49	  5.46
  850.10	  5.46
  850.71	  5.46
  851.32	  5.46
  851.93	  5.46
  852.54	  5.46
  853.15	  5.46
  853.76	  5.46
  854.37	  5.46
  854.98	  5.45
  855.58	  5.45
  856.19	  5.46
  856.80	  5.46
  857.41	  5.45
  858.02	  5.45
  858.63	  5.45
  859.24	  5.44
  859.85	  5.45
  860.45	  5.45
  861.06	  5.45
  861.67	  5.44
  862.28	  5.44
  862.89	  5.44
  863.50	  5.44
  864.10	  5.44
  864.71	  5.44
  865.32	  5.44
  865.93	  5.43
  866.54	  5.43
  867.14	  5.43
  867.75	  5.42
  868.36	  5.42
  868.97	  5.41
  869.58	  5.41
  870.18	  5.41
  870.79	  5.40
  871.40	  5.40
  872.01	  5.40
  872.61	  5.39
  873.22	  5.38
  873.83	  5.36
  874.44	  5.36
  875.04	  5.35
  875.65	  5.34
  876.26	  5.33
  876.87	  5.33
  877.47	  5.32
  878.08	  5.32
  878.69	  5.31
  879.29	  5.31
  879.90	  5.31
  880.51	  5.31
  881.12	  5.30
  881.72	  5.30
  882.33	  5.30
  882.94	  5.30
  883.54	  5.30
  884.15	  5.30
  884.76	  5.30
  885.36	  5.29
  885.97	  5.29
  886.58	  5.29
  887.18	  5.29
  887.79	  5.28
  888.40	  5.28
  889.00	  5.28
  889.61	  5.28
  890.22	  5.28
  890.82	  5.27
  891.43	  5.28
  892.03	  5.28
  892.64	  5.27
  893.25	  5.27
  893.85	  5.27
  894.46	  5.26
  895.06	  5.26
  895.67	  5.25
  896.28	  5.24
  896.88	  5.24
  897.49	  5.23
  898.09	  5.22
  898.70	  5.21
  899.30	  5.20
  899.91	  5.19
  900.52	  5.18
  901.12	  5.18
  901.73	  5.18
  902.33	  5.21
  902.94	  5.78
  903.54	  8.52
  904.15	 13.05
  904.75	 16.26
  905.36	 17.59
  905.96	 18.36
  906.57	 18.95
  907.17	 19.46
  907.78	 19.93
  908.38	 20.36
  908.99	 20.76
  909.59	 21.41
  910.20	 34.84
  910.80	 35.50
  911.41	 35.50
  912.01	 35.50
  912.62	 35.50
  913.22	 35.50
  913.83	 35.50
  914.43	 35.50
  915.03	 35.50
  915.64	 35.50
  916.24	 35.50
  916.85	 35.50
  917.45	 35.50
  918.06	 35.50
  918.66	 35.50
  919.26	 35.50
  919.87	 35.50
  920.47	 35.50
  921.08	 35.50
  921.68	 35.50
  922.28	 35.50
  922.89	 35.50
  923.49	 35.50
  924.10	 35.50
  924.70	 35.50
  925.30	 35.50
  925.91	 35.50
  926.51	 35.50
  927.11	 35.50
  927.72	 35.50
  928.32	 35.50
  928.92	 35.50
  929.53	 35.50
  930.13	 35.50
  930.74	 35.50
  931.34	 35.50
  931.94	 35.50
  932.54	 35.50
  933.15	 35.50
  933.75	 35.50
  934.35	 35.50
  934.96	 35.50
  935.56	 35.50
  936.16	 35.50
  936.77	 35.50
  937.37	 35.50
  937.97	 35.50
  938.57	 35.50
  939.18	 35.50
  939.78	 35.50
  940.38	 35.50
  940.98	 35.50
  941.59	 35.50
  942.19	 35.50
  942.79	 35.50
  943.39	 35.50
  944.00	 35.50
  944.60	 35.50
  945.20	 35.50
  945.80	 35.50
  946.40	 35.50
  947.01	 35.50
  947.61	 35.50
  948.21	 35.50
  948.81	 35.50
  949.41	 35.50
  950.02	 35.50
  950.62	 35.50
  951.22	 35.50
  951.82	 35.50
  952.42	 35.50
  953.03	 35.50
  953.63	 35.50
  954.23	 35.50
  954.83	 35.50
  955.43	 35.50
  956.03	 35.50
  956.63	 35.50
  957.24	 35.50
  957.84	 35.50
  958.44	 35.50
  959.04	 35.50
  959.64	 35.50
  960.24	 35.50
  960.84	 35.50
  961.44	 35.50
  962.04	 35.50
  962.64	 35.50
  963.25	 35.50
  963.85	 35.50
  964.45	 35.50
  965.05	 35.50
  965.65	 35.50
  966.25	 35.50
  966.85	 35.50
  967.45	 35.50
  968.05	 35.50
  968.65	 35.50
  969.25	 35.50
  969.85	 35.50
  970.45	 35.50
  971.05	 35.50
  971.65	 35.50
  972.25	 35.50
  972.85	 35.50
  973.45	 35.50
