Now: 04/05/2019 05:32:32
Battery Level: 1.4V
RapidSV: S/N 50554
Site info: RAPIDSV_TEST
Calibrated: 23/08/2018
Latitude: -43.14
Mode: R32;1
Tare: 10.0692
Pressure units: dBar
03.177	1510.935
04.819	1510.886
04.887	1510.899
05.015	1510.885
05.194	1510.949
05.342	1510.886
05.403	1510.889
05.459	1510.886
05.596	1510.891
05.754	1510.966
05.811	1510.895
05.965	1510.899
06.141	1510.958
06.210	1510.895
06.346	1510.911
06.553	1510.891
06.599	1510.904
06.663	1510.906
06.820	1510.909
07.023	1510.909
07.101	1510.907
07.184	1510.904
07.323	1510.899
07.510	1510.907
07.557	1510.905
07.669	1510.913
07.825	1510.911
07.935	1510.917
07.985	1510.924
08.120	1510.921
08.296	1510.928
08.484	1510.928
08.515	1510.931
08.579	1510.931
08.710	1510.927
08.944	1510.929
09.012	1510.927
09.087	1510.924
09.215	1510.924
09.417	1510.933
09.466	1510.929
09.546	1510.925
09.679	1510.941
09.855	1510.935
09.938	1510.920
10.002	1510.928
10.140	1510.929
10.305	1510.928
10.353	1510.934
10.457	1510.933
10.603	1510.913
10.776	1510.923
10.907	1510.921
10.970	1510.931
11.096	1510.919
11.247	1510.923
11.306	1510.932
11.400	1510.928
11.563	1510.935
11.640	1510.935
11.739	1510.947
11.883	1510.933
12.071	1510.940
12.105	1510.933
12.190	1510.942
12.338	1510.943
12.473	1510.946
12.542	1510.957
12.663	1510.957
12.827	1510.957
12.952	1510.957
13.011	1510.959
13.123	1510.957
13.297	1510.964
13.418	1510.965
13.470	1510.967
13.584	1510.964
13.706	1510.970
13.859	1510.970
13.887	1510.982
14.000	1510.982
14.191	1510.976
14.325	1510.977
14.367	1510.978
14.462	1510.978
14.611	1510.983
14.782	1510.988
14.832	1510.996
14.915	1510.991
15.058	1510.994
15.200	1510.997
15.249	1511.002
15.375	1510.999
15.518	1510.994
15.651	1511.004
15.685	1511.007
15.773	1511.002
15.938	1511.016
16.079	1511.016
16.143	1511.017
16.276	1511.022
16.437	1511.020
16.503	1511.025
16.582	1511.024
16.736	1511.027
16.898	1511.028
16.973	1511.032
17.055	1511.028
17.119	1511.035
17.241	1511.034
17.448	1511.038
17.517	1511.031
17.636	1511.038
17.811	1511.048
17.889	1511.044
17.943	1511.052
18.076	1511.060
18.235	1511.057
18.397	1511.061
18.441	1511.061
18.543	1511.056
18.702	1511.060
18.809	1511.063
18.879	1511.069
19.010	1511.075
19.200	1511.073
19.232	1511.069
19.313	1511.076
19.470	1511.079
19.634	1511.077
19.664	1511.084
19.779	1511.086
19.961	1511.082
20.137	1511.081
20.162	1511.083
20.234	1511.090
20.388	1511.095
20.558	1511.098
20.699	1511.095
20.795	1511.101
20.824	1511.109
20.941	1511.097
21.122	1511.101
21.244	1511.121
21.313	1511.109
21.455	1511.108
21.601	1511.117
21.663	1511.113
21.811	1511.113
21.978	1511.123
22.091	1511.127
22.150	1511.122
22.264	1511.127
22.430	1511.125
22.521	1511.128
22.591	1511.133
22.754	1511.129
22.939	1511.130
23.013	1511.124
23.120	1511.125
23.248	1511.118
23.438	1511.124
23.511	1511.130
23.585	1511.128
23.722	1511.126
23.792	1511.130
23.947	1511.132
24.091	1511.131
24.149	1511.142
24.270	1511.142
24.425	1511.137
24.601	1511.135
24.640	1511.139
24.750	1511.145
24.921	1511.139
25.088	1511.142
25.156	1511.140
25.254	1511.151
25.327	1511.150
25.491	1511.148
25.682	1511.152
25.831	1511.154
25.883	1511.148
25.998	1511.158
26.145	1511.160
26.250	1511.168
26.336	1511.167
26.476	1511.164
26.679	1511.166
26.704	1511.168
26.783	1511.166
26.950	1511.167
27.098	1511.180
27.169	1511.172
27.309	1511.183
27.510	1511.185
27.592	1511.182
27.668	1511.183
27.836	1511.181
27.975	1511.189
28.038	1511.176
28.195	1511.196
28.340	1511.196
28.408	1511.191
28.551	1511.184
28.727	1511.186
28.822	1511.189
28.903	1511.188
29.039	1511.196
29.243	1511.190
29.336	1511.196
29.412	1511.198
29.561	1511.196
29.679	1511.202
29.761	1511.215
29.911	1511.211
30.025	1511.210
30.128	1511.220
30.272	1511.214
30.408	1511.212
30.481	1511.229
30.631	1511.229
30.795	1511.225
30.876	1511.229
31.001	1511.229
31.179	1511.235
31.209	1511.241
31.317	1511.245
31.522	1511.243
31.703	1511.242
31.771	1511.245
31.869	1511.245
32.045	1511.246
32.203	1511.259
32.298	1511.255
32.370	1511.252
32.514	1511.254
32.712	1511.254
32.768	1511.257
32.867	1511.264
32.946	1511.273
33.103	1511.263
33.323	1511.265
33.485	1511.269
33.544	1511.279
33.644	1511.268
33.779	1511.259
33.955	1511.285
34.020	1511.243
34.110	1511.251
34.274	1511.255
34.453	1511.260
34.509	1511.261
34.628	1511.258
34.818	1511.264
34.936	1511.269
34.998	1511.269
35.137	1511.270
35.332	1511.267
35.403	1511.273
35.488	1511.267
35.648	1511.269
35.826	1511.276
35.871	1511.278
35.998	1511.282
36.153	1511.282
36.340	1511.284
36.401	1511.278
36.510	1511.287
36.695	1511.296
36.771	1511.291
36.867	1511.298
37.048	1511.296
37.131	1511.296
37.248	1511.312
37.437	1511.306
37.616	1511.301
37.731	1511.298
37.792	1511.302
37.908	1511.306
38.069	1511.318
38.231	1511.318
38.276	1511.312
38.351	1511.306
38.395	1511.308
38.430	1511.314
38.426	1511.302
38.374	1511.306
38.249	1511.312
38.041	1511.316
37.903	1511.306
37.766	1511.350
37.523	1511.312
37.351	1511.302
37.226	1511.306
37.102	1511.293
36.887	1511.296
36.759	1511.297
36.704	1511.291
36.610	1511.278
36.574	1511.286
36.543	1511.282
36.513	1511.283
36.479	1511.285
36.436	1511.281
36.351	1511.285
36.298	1511.281
36.237	1511.277
36.129	1511.278
36.061	1511.275
35.986	1511.270
35.881	1511.273
35.792	1511.263
35.729	1511.270
35.628	1511.268
35.498	1511.259
