From file: S2      	Instrument no.:	1104
Ser	Interval (sec)	Integration	Air pressure	Salinity	Chart Datum (dbar)	
1	1		1007.39	
Ser	Meas	Sal.	Temp	Density	S. vel.	Press	Date	Time		
1	1	0.07	22.864	-2.372	1490.88	0.00	04/11/2014	06:04:21
1	2	0.07	22.798	-2.360	1490.69	0.00	04/11/2014	06:04:22
1	3	0.07	22.797	-2.356	1490.70	0.00	04/11/2014	06:04:23
1	4	0.06	22.804	-2.365	1490.70	0.00	04/11/2014	06:04:24
1	5	0.06	22.803	-2.365	1490.70	0.00	04/11/2014	06:04:25
1	6	0.07	22.780	-2.355	1490.64	0.00	04/11/2014	06:04:26
1	7	0.07	22.770	-2.353	1490.61	0.00	04/11/2014	06:04:27
1	8	0.07	22.760	-2.351	1490.58	0.00	04/11/2014	06:04:28
1	9	0.07	22.742	-2.343	1490.54	0.00	04/11/2014	06:04:29
1	10	0.07	22.725	-2.339	1490.49	0.00	04/11/2014	06:04:30
1	11	0.07	22.715	-2.337	1490.46	0.00	04/11/2014	06:04:31
1	12	0.07	22.723	-2.342	1490.48	0.00	04/11/2014	06:04:32
1	13	0.06	22.716	-2.344	1490.46	0.00	04/11/2014	06:04:33
1	14	0.07	22.713	-2.336	1490.45	0.00	04/11/2014	06:04:34
1	15	0.07	22.706	-2.338	1490.43	0.00	04/11/2014	06:04:35
1	16	0.07	22.690	-2.331	1490.39	0.00	04/11/2014	06:04:36
1	17	0.07	22.688	-2.330	1490.39	0.00	04/11/2014	06:04:37
1	18	0.07	22.690	-2.334	1490.38	0.00	04/11/2014	06:04:38
1	19	0.06	22.689	-2.338	1490.38	0.00	04/11/2014	06:04:39
1	20	0.06	22.669	-2.333	1490.32	0.00	04/11/2014	06:04:40
1	21	0.07	22.644	-2.320	1490.26	0.00	04/11/2014	06:04:41
1	22	0.07	22.623	-2.319	1490.19	0.00	04/11/2014	06:04:42
1	23	0.07	22.614	-2.317	1490.17	0.00	04/11/2014	06:04:43
1	24	0.07	22.617	-2.314	1490.18	0.00	04/11/2014	06:04:44
1	25	0.07	22.631	-2.320	1490.22	0.00	04/11/2014	06:04:45
1	26	0.07	22.643	-2.323	1490.25	0.00	04/11/2014	06:04:46
1	27	0.07	22.645	-2.320	1490.26	0.00	04/11/2014	06:04:47
1	28	0.07	22.646	-2.320	1490.26	0.00	04/11/2014	06:04:48
1	29	0.06	22.655	-2.330	1490.28	0.00	04/11/2014	06:04:49
1	30	0.07	22.667	-2.325	1490.32	0.00	04/11/2014	06:04:50
1	31	0.07	22.683	-2.329	1490.37	0.00	04/11/2014	06:04:51
1	32	0.07	22.692	-2.335	1490.39	0.00	04/11/2014	06:04:52
1	33	0.07	22.700	-2.337	1490.41	0.00	04/11/2014	06:04:53
1	34	0.07	22.702	-2.337	1490.42	0.00	04/11/2014	06:04:54
1	35	0.07	22.703	-2.337	1490.42	0.00	04/11/2014	06:04:55
1	36	0.07	22.704	-2.338	1490.42	0.00	04/11/2014	06:04:56
1	37	0.07	22.711	-2.336	1490.45	0.00	04/11/2014	06:04:57
1	38	0.07	22.715	-2.340	1490.46	0.00	04/11/2014	06:04:58
1	39	0.07	22.716	-2.337	1490.46	0.00	04/11/2014	06:04:59
1	40	0.07	22.724	-2.342	1490.48	0.00	04/11/2014	06:05:00
1	41	0.07	22.724	-2.339	1490.49	0.00	04/11/2014	06:05:01
1	42	0.07	22.724	-2.339	1490.49	0.00	04/11/2014	06:05:02
1	43	0.07	22.723	-2.342	1490.48	0.00	04/11/2014	06:05:03
1	44	0.06	22.724	-2.346	1490.48	0.00	04/11/2014	06:05:04
1	45	0.07	22.727	-2.343	1490.49	0.00	04/11/2014	06:05:05
1	46	0.07	22.733	-2.344	1490.51	0.00	04/11/2014	06:05:06
1	47	0.07	22.740	-2.342	1490.53	0.00	04/11/2014	06:05:07
1	48	0.06	22.747	-2.351	1490.54	0.00	04/11/2014	06:05:08
1	49	0.06	22.751	-2.352	1490.55	0.00	04/11/2014	06:05:09
1	50	0.07	22.758	-2.350	1490.58	0.00	04/11/2014	06:05:10
1	51	0.06	22.767	-2.356	1490.60	0.00	04/11/2014	06:05:11
1	52	0.06	22.778	-2.359	1490.63	0.00	04/11/2014	06:05:12
1	53	0.07	22.792	-2.358	1490.67	0.00	04/11/2014	06:05:13
1	54	0.07	22.804	-2.358	1490.71	0.00	04/11/2014	06:05:14
1	55	0.07	22.810	-2.363	1490.73	0.00	04/11/2014	06:05:15
1	56	0.07	22.811	-2.363	1490.73	0.00	04/11/2014	06:05:16
1	57	0.07	22.811	-2.363	1490.73	0.00	04/11/2014	06:05:17
1	58	0.07	22.812	-2.363	1490.73	0.00	04/11/2014	06:05:18
1	59	0.07	22.817	-2.361	1490.75	0.00	04/11/2014	06:05:19
1	60	0.07	22.816	-2.360	1490.75	0.00	04/11/2014	06:05:20
1	61	0.06	22.815	-2.367	1490.73	0.00	04/11/2014	06:05:21
1	62	0.07	22.806	-2.362	1490.71	0.00	04/11/2014	06:05:22
1	63	0.07	22.792	-2.355	1490.68	0.00	04/11/2014	06:05:23
1	64	0.07	22.778	-2.355	1490.64	0.00	04/11/2014	06:05:24
1	65	0.07	22.766	-2.349	1490.60	0.00	04/11/2014	06:05:25
1	66	0.07	22.759	-2.351	1490.58	0.00	04/11/2014	06:05:26
1	67	0.07	22.755	-2.350	1490.57	0.00	04/11/2014	06:05:27
1	68	0.07	22.754	-2.346	1490.57	0.00	04/11/2014	06:05:28
1	69	0.07	22.750	-2.345	1490.56	0.00	04/11/2014	06:05:29
1	70	0.07	22.747	-2.348	1490.55	0.00	04/11/2014	06:05:30
1	71	0.07	22.745	-2.344	1490.54	0.00	04/11/2014	06:05:31
1	72	0.06	22.735	-2.349	1490.51	0.00	04/11/2014	06:05:32
1	73	0.07	22.725	-2.339	1490.49	0.00	04/11/2014	06:05:33
1	74	0.07	22.716	-2.337	1490.46	0.00	04/11/2014	06:05:34
1	75	0.07	22.706	-2.338	1490.43	0.00	04/11/2014	06:05:35
1	76	0.07	22.693	-2.335	1490.39	0.00	04/11/2014	06:05:36
1	77	0.07	22.682	-2.329	1490.36	0.00	04/11/2014	06:05:37
1	78	0.07	22.660	-2.327	1490.30	0.00	04/11/2014	06:05:38
1	79	0.06	22.641	-2.326	1490.24	0.00	04/11/2014	06:05:39
1	80	0.07	22.623	-2.315	1490.20	0.00	04/11/2014	06:05:40
1	81	0.06	22.605	-2.318	1490.14	0.00	04/11/2014	06:05:41
1	82	0.07	22.593	-2.312	1490.11	0.00	04/11/2014	06:05:42
1	83	0.07	22.582	-2.309	1490.08	0.00	04/11/2014	06:05:43
1	84	0.06	22.578	-2.312	1490.06	0.00	04/11/2014	06:05:44
1	85	0.07	22.576	-2.304	1490.06	0.00	04/11/2014	06:05:45
1	86	0.06	22.577	-2.312	1490.06	0.00	04/11/2014	06:05:46
1	87	0.07	22.570	-2.306	1490.04	0.00	04/11/2014	06:05:47
1	88	0.07	22.563	-2.301	1490.03	0.00	04/11/2014	06:05:48
1	89	0.07	22.560	-2.304	1490.01	0.00	04/11/2014	06:05:49
1	90	0.06	22.559	-2.311	1490.00	0.00	04/11/2014	06:05:50
1	91	0.07	22.558	-2.300	1490.01	0.00	04/11/2014	06:05:51
1	92	0.06	22.555	-2.306	1489.99	0.00	04/11/2014	06:05:52
1	93	0.07	22.557	-2.300	1490.01	0.00	04/11/2014	06:05:53
1	94	0.06	22.553	-2.306	1489.99	0.00	04/11/2014	06:05:54
1	95	0.07	22.547	-2.297	1489.98	0.00	04/11/2014	06:05:55
1	96	0.07	22.541	-2.296	1489.96	0.00	04/11/2014	06:05:56
1	97	0.07	22.535	-2.294	1489.95	0.00	04/11/2014	06:05:57
1	98	0.06	22.530	-2.301	1489.92	0.00	04/11/2014	06:05:58
1	99	0.07	22.527	-2.293	1489.92	0.00	04/11/2014	06:05:59
1	100	0.07	22.529	-2.293	1489.93	0.00	04/11/2014	06:06:00
1	101	0.07	22.532	-2.297	1489.93	0.00	04/11/2014	06:06:01
1	102	0.07	22.534	-2.298	1489.94	0.00	04/11/2014	06:06:02
1	103	0.07	22.539	-2.295	1489.96	0.00	04/11/2014	06:06:03
1	104	0.06	22.542	-2.303	1489.96	0.00	04/11/2014	06:06:04
1	105	0.07	22.545	-2.300	1489.97	0.00	04/11/2014	06:06:05
1	106	0.06	22.546	-2.304	1489.97	0.00	04/11/2014	06:06:06
1	107	0.06	22.547	-2.305	1489.97	0.00	04/11/2014	06:06:07
1	108	0.06	22.546	-2.304	1489.97	0.00	04/11/2014	06:06:08
1	109	0.06	22.556	-2.307	1489.99	0.00	04/11/2014	06:06:09
1	110	0.06	22.563	-2.308	1490.02	0.00	04/11/2014	06:06:10
1	111	0.07	22.568	-2.302	1490.04	0.00	04/11/2014	06:06:11
1	112	0.07	22.567	-2.306	1490.03	0.00	04/11/2014	06:06:12
1	113	0.07	22.558	-2.300	1490.01	0.00	04/11/2014	06:06:13
1	114	0.07	22.544	-2.296	1489.97	0.00	04/11/2014	06:06:14
1	115	0.07	22.523	-2.295	1489.91	0.00	04/11/2014	06:06:15
1	116	0.06	22.440	-2.280	1489.67	0.00	04/11/2014	06:06:16
1	117	37.66	22.288	26.166	1530.54	0.54	04/11/2014	06:06:17
1	118	37.66	22.246	26.173	1530.42	0.04	04/11/2014	06:06:18
1	119	37.64	22.220	26.168	1530.34	0.05	04/11/2014	06:06:19
1	120	37.74	22.229	26.240	1530.47	0.50	04/11/2014	06:06:20
1	121	37.74	22.232	26.238	1530.48	0.88	04/11/2014	06:06:21
1	122	37.75	22.229	26.245	1530.48	0.36	04/11/2014	06:06:22
1	123	0.20	22.189	-2.114	1489.10	0.00	04/11/2014	06:06:23
1	124	37.76	22.218	26.256	1530.47	0.42	04/11/2014	06:06:24
1	125	37.75	22.227	26.249	1530.49	0.77	04/11/2014	06:06:25
1	126	37.75	22.230	26.244	1530.48	0.39	04/11/2014	06:06:26
1	127	37.74	22.231	26.236	1530.47	0.11	04/11/2014	06:06:27
1	128	37.75	22.232	26.249	1530.49	0.46	04/11/2014	06:06:28
1	129	37.75	22.232	26.249	1530.49	0.59	04/11/2014	06:06:29
1	130	37.74	22.232	26.242	1530.49	0.38	04/11/2014	06:06:30
1	131	37.75	22.232	26.248	1530.49	0.34	04/11/2014	06:06:31
1	132	37.74	22.235	26.240	1530.49	0.57	04/11/2014	06:06:32
1	133	37.74	22.233	26.235	1530.47	0.29	04/11/2014	06:06:33
1	134	37.75	22.232	26.249	1530.49	0.48	04/11/2014	06:06:34
1	135	37.75	22.234	26.247	1530.50	0.61	04/11/2014	06:06:35
1	136	37.75	22.231	26.242	1530.48	0.11	04/11/2014	06:06:36
1	137	37.75	22.232	26.248	1530.49	0.27	04/11/2014	06:06:37
1	138	37.75	22.233	26.249	1530.50	0.72	04/11/2014	06:06:38
1	139	37.75	22.234	26.247	1530.50	0.64	04/11/2014	06:06:39
1	140	37.71	22.231	26.218	1530.45	0.07	04/11/2014	06:06:40
1	141	37.68	22.233	26.193	1530.41	0.34	04/11/2014	06:06:41
1	142	37.75	22.234	26.247	1530.50	0.64	04/11/2014	06:06:42
1	143	37.75	22.235	26.246	1530.50	0.51	04/11/2014	06:06:43
1	144	37.74	22.226	26.240	1530.46	0.02	04/11/2014	06:06:44
1	145	35.78	22.229	24.751	1528.32	0.49	04/11/2014	06:06:45
1	146	37.75	22.232	26.250	1530.50	0.79	04/11/2014	06:06:46
1	147	37.75	22.233	26.247	1530.50	0.30	04/11/2014	06:06:47
1	148	37.72	22.230	26.219	1530.44	0.03	04/11/2014	06:06:48
1	149	37.76	22.231	26.256	1530.50	0.44	04/11/2014	06:06:49
1	150	37.76	22.233	26.255	1530.51	0.84	04/11/2014	06:06:50
1	151	37.75	22.232	26.249	1530.49	0.51	04/11/2014	06:06:51
1	152	0.21	22.206	-2.110	1489.16	0.00	04/11/2014	06:06:52
1	153	37.76	22.220	26.260	1530.47	0.47	04/11/2014	06:06:53
1	154	37.76	22.229	26.259	1530.51	0.78	04/11/2014	06:06:54
1	155	37.75	22.232	26.249	1530.50	0.57	04/11/2014	06:06:55
1	156	37.54	22.218	26.085	1530.21	0.00	04/11/2014	06:06:56
1	157	33.21	22.213	22.805	1525.45	0.26	04/11/2014	06:06:57
1	158	37.76	22.229	26.253	1530.50	0.86	04/11/2014	06:06:58
1	159	37.76	22.232	26.255	1530.50	0.46	04/11/2014	06:06:59
1	160	37.75	22.232	26.247	1530.49	0.11	04/11/2014	06:07:00
1	161	37.75	22.231	26.249	1530.49	0.37	04/11/2014	06:07:01
1	162	37.75	22.231	26.244	1530.49	0.61	04/11/2014	06:07:02
1	163	37.76	22.229	26.251	1530.49	0.26	04/11/2014	06:07:03
1	164	37.75	22.230	26.250	1530.50	0.45	04/11/2014	06:07:04
1	165	37.76	22.229	26.258	1530.50	0.64	04/11/2014	06:07:05
1	166	37.76	22.228	26.252	1530.48	0.26	04/11/2014	06:07:06
1	167	37.75	22.225	26.248	1530.47	0.24	04/11/2014	06:07:07
1	168	37.76	22.232	26.256	1530.51	0.74	04/11/2014	06:07:08
1	169	37.76	22.235	26.252	1530.51	0.51	04/11/2014	06:07:09
1	170	37.74	22.229	26.238	1530.47	0.16	04/11/2014	06:07:10
1	171	37.76	22.235	26.253	1530.52	0.82	04/11/2014	06:07:11
1	172	37.76	22.238	26.256	1530.53	0.81	04/11/2014	06:07:12
1	173	37.76	22.237	26.256	1530.53	0.49	04/11/2014	06:07:13
1	174	37.77	22.236	26.258	1530.52	0.68	04/11/2014	06:07:14
1	175	37.76	22.240	26.256	1530.53	1.08	04/11/2014	06:07:15
1	176	37.76	22.238	26.259	1530.54	1.45	04/11/2014	06:07:16
1	177	37.76	22.240	26.258	1530.54	1.59	04/11/2014	06:07:17
1	178	37.75	22.240	26.245	1530.53	1.49	04/11/2014	06:07:18
1	179	37.75	22.239	26.253	1530.54	1.75	04/11/2014	06:07:19
1	180	37.76	22.239	26.261	1530.55	2.30	04/11/2014	06:07:20
1	181	37.76	22.242	26.260	1530.57	2.57	04/11/2014	06:07:21
1	182	37.75	22.241	26.256	1530.56	2.81	04/11/2014	06:07:22
1	183	37.77	22.245	26.273	1530.60	3.46	04/11/2014	06:07:23
1	184	37.75	22.247	26.262	1530.60	4.36	04/11/2014	06:07:24
1	185	37.78	22.268	26.276	1530.69	5.14	04/11/2014	06:07:25
1	186	37.76	22.262	26.266	1530.67	5.79	04/11/2014	06:07:26
1	187	37.76	22.253	26.271	1530.66	6.46	04/11/2014	06:07:27
1	188	37.77	22.266	26.280	1530.71	7.19	04/11/2014	06:07:28
1	189	37.77	22.250	26.286	1530.68	7.86	04/11/2014	06:07:29
1	190	37.75	22.247	26.278	1530.67	8.19	04/11/2014	06:07:30
1	191	37.75	22.246	26.280	1530.67	8.47	04/11/2014	06:07:31
1	192	37.77	22.245	26.295	1530.70	9.00	04/11/2014	06:07:32
1	193	37.77	22.246	26.297	1530.71	9.61	04/11/2014	06:07:33
1	194	37.77	22.246	26.299	1530.72	10.16	04/11/2014	06:07:34
1	195	37.77	22.246	26.301	1530.72	10.68	04/11/2014	06:07:35
1	196	37.77	22.247	26.303	1530.74	11.34	04/11/2014	06:07:36
1	197	37.77	22.247	26.306	1530.75	12.09	04/11/2014	06:07:37
1	198	37.77	22.249	26.306	1530.76	12.70	04/11/2014	06:07:38
1	199	37.76	22.248	26.304	1530.76	13.31	04/11/2014	06:07:39
1	200	37.77	22.247	26.313	1530.78	13.94	04/11/2014	06:07:40
1	201	37.77	22.246	26.317	1530.78	14.61	04/11/2014	06:07:41
1	202	37.76	22.250	26.315	1530.81	15.21	04/11/2014	06:07:42
1	203	37.77	22.250	26.324	1530.82	15.90	04/11/2014	06:07:43
1	204	37.77	22.248	26.329	1530.83	16.63	04/11/2014	06:07:44
1	205	37.77	22.248	26.332	1530.84	17.26	04/11/2014	06:07:45
1	206	37.78	22.246	26.342	1530.86	17.95	04/11/2014	06:07:46
1	207	37.77	22.247	26.338	1530.86	18.60	04/11/2014	06:07:47
1	208	37.77	22.249	26.339	1530.87	19.20	04/11/2014	06:07:48
1	209	37.77	22.251	26.339	1530.89	19.85	04/11/2014	06:07:49
1	210	37.77	22.248	26.345	1530.89	20.66	04/11/2014	06:07:50
1	211	37.77	22.250	26.346	1530.90	21.23	04/11/2014	06:07:51
1	212	37.77	22.249	26.349	1530.91	21.90	04/11/2014	06:07:52
1	213	37.77	22.250	26.351	1530.93	22.61	04/11/2014	06:07:53
1	214	37.78	22.251	26.359	1530.96	23.30	04/11/2014	06:07:54
1	215	37.78	22.251	26.362	1530.96	23.98	04/11/2014	06:07:55
1	216	37.77	22.251	26.359	1530.97	24.61	04/11/2014	06:07:56
1	217	37.77	22.251	26.361	1530.98	25.26	04/11/2014	06:07:57
1	218	37.78	22.252	26.375	1531.00	25.88	04/11/2014	06:07:58
1	219	37.77	22.252	26.372	1531.01	26.63	04/11/2014	06:07:59
1	220	37.78	22.252	26.380	1531.02	27.28	04/11/2014	06:08:00
1	221	37.77	22.252	26.377	1531.03	27.87	04/11/2014	06:08:01
1	222	37.76	22.256	26.370	1531.04	28.59	04/11/2014	06:08:02
1	223	37.77	22.256	26.379	1531.06	29.34	04/11/2014	06:08:03
1	224	37.76	22.254	26.377	1531.06	29.95	04/11/2014	06:08:04
1	225	37.78	22.254	26.392	1531.08	30.70	04/11/2014	06:08:05
1	226	37.76	22.253	26.385	1531.08	31.55	04/11/2014	06:08:06
1	227	37.76	22.252	26.389	1531.10	32.42	04/11/2014	06:08:07
1	228	37.76	22.252	26.393	1531.11	33.41	04/11/2014	06:08:08
1	229	37.78	22.243	26.412	1531.12	34.38	04/11/2014	06:08:09
1	230	37.59	21.824	26.389	1529.84	35.27	04/11/2014	06:08:10
1	231	37.00	20.258	26.374	1525.00	36.11	04/11/2014	06:08:11
1	232	37.01	18.840	26.763	1521.09	37.05	04/11/2014	06:08:12
1	233	37.37	18.106	27.227	1519.41	37.99	04/11/2014	06:08:13
1	234	37.56	17.763	27.466	1518.65	38.95	04/11/2014	06:08:14
1	235	37.50	17.443	27.503	1517.66	39.88	04/11/2014	06:08:15
1	236	37.51	17.271	27.557	1517.19	40.84	04/11/2014	06:08:16
1	237	37.51	17.136	27.596	1516.80	41.75	04/11/2014	06:08:17
1	238	37.54	17.073	27.633	1516.65	42.61	04/11/2014	06:08:18
1	239	37.59	17.121	27.665	1516.88	43.50	04/11/2014	06:08:19
1	240	37.84	17.304	27.816	1517.72	44.39	04/11/2014	06:08:20
1	241	38.17	17.621	27.997	1519.04	45.23	04/11/2014	06:08:21
1	242	38.10	17.778	27.908	1519.43	46.05	04/11/2014	06:08:22
1	243	38.08	17.802	27.888	1519.49	47.01	04/11/2014	06:08:23
1	244	38.00	17.711	27.854	1519.15	47.98	04/11/2014	06:08:24
1	245	37.99	17.631	27.867	1518.92	48.78	04/11/2014	06:08:25
1	246	37.99	17.579	27.888	1518.78	49.61	04/11/2014	06:08:26
1	247	37.99	17.535	27.900	1518.66	50.45	04/11/2014	06:08:27
1	248	37.97	17.484	27.906	1518.51	51.31	04/11/2014	06:08:28
1	249	37.86	17.268	27.876	1517.76	52.19	04/11/2014	06:08:29
1	250	37.90	17.142	27.941	1517.44	53.02	04/11/2014	06:08:30
1	251	37.98	17.140	28.008	1517.55	54.02	04/11/2014	06:08:31
1	252	38.15	17.241	28.116	1518.05	54.95	04/11/2014	06:08:32
1	253	38.14	17.270	28.105	1518.15	55.78	04/11/2014	06:08:33
1	254	38.14	17.273	28.112	1518.17	56.61	04/11/2014	06:08:34
1	255	38.15	17.280	28.123	1518.22	57.50	04/11/2014	06:08:35
1	256	38.17	17.282	28.138	1518.26	58.34	04/11/2014	06:08:36
1	257	38.15	17.283	28.126	1518.26	59.12	04/11/2014	06:08:37
1	258	38.16	17.268	28.138	1518.23	60.04	04/11/2014	06:08:38
1	259	38.16	17.222	28.153	1518.11	61.02	04/11/2014	06:08:39
1	260	38.12	17.176	28.140	1517.94	61.95	04/11/2014	06:08:40
1	261	38.09	17.120	28.137	1517.77	62.68	04/11/2014	06:08:41
1	262	38.11	17.059	28.166	1517.61	63.54	04/11/2014	06:08:42
1	263	38.08	17.011	28.162	1517.46	64.41	04/11/2014	06:08:43
1	264	38.10	16.996	28.187	1517.45	65.30	04/11/2014	06:08:44
1	265	38.10	16.996	28.190	1517.47	66.17	04/11/2014	06:08:45
1	266	38.12	16.996	28.208	1517.50	67.07	04/11/2014	06:08:46
1	267	38.12	17.002	28.212	1517.54	67.94	04/11/2014	06:08:47
1	268	38.12	17.002	28.216	1517.56	68.88	04/11/2014	06:08:48
1	269	38.12	16.986	28.221	1517.52	69.76	04/11/2014	06:08:49
1	270	38.13	16.968	28.235	1517.49	70.46	04/11/2014	06:08:50
1	271	38.13	16.960	28.239	1517.47	71.29	04/11/2014	06:08:51
1	272	38.14	16.957	28.253	1517.49	72.23	04/11/2014	06:08:52
1	273	38.12	16.964	28.243	1517.51	73.24	04/11/2014	06:08:53
1	274	38.14	16.953	28.264	1517.51	74.04	04/11/2014	06:08:54
1	275	38.13	16.903	28.269	1517.36	74.92	04/11/2014	06:08:55
1	276	38.14	16.850	28.297	1517.23	75.76	04/11/2014	06:08:56
1	277	38.16	16.832	28.318	1517.21	76.63	04/11/2014	06:08:57
1	278	38.17	16.821	28.332	1517.21	77.52	04/11/2014	06:08:58
1	279	38.18	16.811	28.352	1517.21	78.44	04/11/2014	06:08:59
1	280	38.19	16.793	28.366	1517.18	79.29	04/11/2014	06:09:00
1	281	38.18	16.780	28.362	1517.14	80.14	04/11/2014	06:09:01
1	282	38.18	16.758	28.374	1517.09	81.03	04/11/2014	06:09:02
1	283	38.20	16.740	28.395	1517.07	81.93	04/11/2014	06:09:03
1	284	38.18	16.707	28.396	1516.98	82.76	04/11/2014	06:09:04
1	285	38.19	16.675	28.410	1516.90	83.56	04/11/2014	06:09:05
1	286	38.20	16.653	28.428	1516.86	84.41	04/11/2014	06:09:06
1	287	38.21	16.637	28.441	1516.83	85.31	04/11/2014	06:09:07
1	288	38.20	16.608	28.445	1516.75	86.19	04/11/2014	06:09:08
1	289	38.22	16.538	28.483	1516.58	87.08	04/11/2014	06:09:09
1	290	38.20	16.480	28.488	1516.40	88.00	04/11/2014	06:09:10
1	291	38.22	16.395	28.527	1516.18	88.91	04/11/2014	06:09:11
1	292	38.21	16.287	28.545	1515.85	89.43	04/11/2014	06:09:12
1	293	38.22	16.243	28.567	1515.73	89.33	04/11/2014	06:09:13
1	294	38.23	16.232	28.578	1515.71	89.35	04/11/2014	06:09:14
1	295	38.24	16.226	28.583	1515.70	89.36	04/11/2014	06:09:15
1	296	38.23	16.225	28.577	1515.69	89.34	04/11/2014	06:09:16
1	297	38.23	16.225	28.577	1515.69	89.35	04/11/2014	06:09:17
1	298	38.24	16.220	28.582	1515.68	89.39	04/11/2014	06:09:18
1	299	38.24	16.214	28.588	1515.67	89.41	04/11/2014	06:09:19
1	300	38.23	16.211	28.577	1515.64	89.40	04/11/2014	06:09:20
1	301	38.25	16.219	28.590	1515.69	89.36	04/11/2014	06:09:21
1	302	38.23	16.237	28.572	1515.72	89.24	04/11/2014	06:09:22
1	303	38.22	16.257	28.558	1515.76	88.75	04/11/2014	06:09:23
1	304	38.28	16.350	28.582	1516.11	88.20	04/11/2014	06:09:24
1	305	38.25	16.414	28.538	1516.25	87.70	04/11/2014	06:09:25
1	306	38.24	16.439	28.525	1516.31	87.17	04/11/2014	06:09:26
1	307	38.22	16.481	28.495	1516.40	86.51	04/11/2014	06:09:27
1	308	38.26	16.557	28.500	1516.65	85.69	04/11/2014	06:09:28
1	309	38.21	16.604	28.451	1516.74	85.02	04/11/2014	06:09:29
1	310	38.22	16.624	28.449	1516.79	84.33	04/11/2014	06:09:30
1	311	38.20	16.641	28.429	1516.81	83.44	04/11/2014	06:09:31
1	312	38.20	16.658	28.423	1516.85	82.66	04/11/2014	06:09:32
1	313	38.20	16.697	28.409	1516.95	81.94	04/11/2014	06:09:33
1	314	38.19	16.719	28.392	1516.99	81.24	04/11/2014	06:09:34
1	315	38.18	16.738	28.377	1517.03	80.41	04/11/2014	06:09:35
1	316	38.20	16.759	28.381	1517.10	79.72	04/11/2014	06:09:36
1	317	38.18	16.771	28.359	1517.10	78.99	04/11/2014	06:09:37
1	318	38.18	16.787	28.354	1517.13	78.20	04/11/2014	06:09:38
1	319	38.18	16.801	28.344	1517.16	77.36	04/11/2014	06:09:39
1	320	38.17	16.810	28.332	1517.16	76.66	04/11/2014	06:09:40
1	321	38.17	16.819	28.327	1517.17	75.94	04/11/2014	06:09:41
1	322	38.11	16.821	28.281	1517.11	75.11	04/11/2014	06:09:42
1	323	38.18	16.854	28.321	1517.27	74.33	04/11/2014	06:09:43
1	324	38.16	16.905	28.289	1517.38	73.64	04/11/2014	06:09:44
1	325	38.16	16.944	28.275	1517.48	72.91	04/11/2014	06:09:45
1	326	38.14	16.957	28.252	1517.49	72.13	04/11/2014	06:09:46
1	327	38.12	16.951	28.234	1517.43	71.23	04/11/2014	06:09:47
1	328	38.11	16.952	28.223	1517.41	70.45	04/11/2014	06:09:48
1	329	38.13	16.951	28.235	1517.41	69.78	04/11/2014	06:09:49
1	330	38.13	16.959	28.231	1517.44	69.05	04/11/2014	06:09:50
1	331	38.14	16.986	28.229	1517.51	68.20	04/11/2014	06:09:51
1	332	38.12	17.001	28.211	1517.53	67.37	04/11/2014	06:09:52
1	333	38.12	17.006	28.203	1517.53	66.70	04/11/2014	06:09:53
1	334	38.10	16.998	28.188	1517.47	65.98	04/11/2014	06:09:54
1	335	38.12	16.995	28.201	1517.47	65.17	04/11/2014	06:09:55
1	336	38.08	16.982	28.169	1517.37	64.36	04/11/2014	06:09:56
1	337	38.11	16.997	28.186	1517.44	63.63	04/11/2014	06:09:57
1	338	38.15	17.061	28.195	1517.65	62.81	04/11/2014	06:09:58
1	339	38.14	17.110	28.171	1517.78	62.03	04/11/2014	06:09:59
1	340	38.14	17.134	28.165	1517.84	61.30	04/11/2014	06:10:00
1	341	38.15	17.165	28.159	1517.93	60.50	04/11/2014	06:10:01
1	342	38.17	17.214	28.162	1518.09	59.74	04/11/2014	06:10:02
1	343	38.16	17.251	28.144	1518.17	59.10	04/11/2014	06:10:03
1	344	38.14	17.272	28.120	1518.20	58.23	04/11/2014	06:10:04
1	345	38.14	17.278	28.110	1518.19	57.26	04/11/2014	06:10:05
1	346	38.13	17.275	28.104	1518.17	56.62	04/11/2014	06:10:06
1	347	38.13	17.273	28.096	1518.14	55.95	04/11/2014	06:10:07
1	348	38.11	17.277	28.082	1518.13	55.18	04/11/2014	06:10:08
1	349	38.11	17.277	28.079	1518.12	54.33	04/11/2014	06:10:09
1	350	37.94	17.183	27.964	1517.62	53.55	04/11/2014	06:10:10
1	351	37.94	17.131	27.971	1517.45	52.77	04/11/2014	06:10:11
1	352	37.94	17.103	27.974	1517.36	51.94	04/11/2014	06:10:12
1	353	38.01	17.180	28.005	1517.66	51.18	04/11/2014	06:10:13
1	354	38.08	17.365	28.011	1518.27	50.45	04/11/2014	06:10:14
1	355	38.03	17.457	27.946	1518.47	49.75	04/11/2014	06:10:15
1	356	38.02	17.505	27.923	1518.58	48.97	04/11/2014	06:10:16
1	357	38.02	17.552	27.908	1518.70	48.10	04/11/2014	06:10:17
1	358	38.04	17.602	27.910	1518.87	47.28	04/11/2014	06:10:18
1	359	38.11	17.736	27.930	1519.33	46.51	04/11/2014	06:10:19
1	360	38.08	17.807	27.885	1519.49	45.79	04/11/2014	06:10:20
1	361	38.08	17.845	27.872	1519.58	45.02	04/11/2014	06:10:21
1	362	37.94	17.800	27.772	1519.28	44.24	04/11/2014	06:10:22
1	363	37.71	17.539	27.653	1518.24	43.52	04/11/2014	06:10:23
1	364	37.52	17.288	27.569	1517.28	42.66	04/11/2014	06:10:24
1	365	37.47	17.116	27.568	1516.69	41.86	04/11/2014	06:10:25
1	366	37.50	17.062	27.604	1516.56	41.08	04/11/2014	06:10:26
1	367	37.58	17.107	27.652	1516.77	40.29	04/11/2014	06:10:27
1	368	37.59	17.186	27.633	1516.99	39.49	04/11/2014	06:10:28
1	369	37.63	17.294	27.635	1517.35	38.74	04/11/2014	06:10:29
1	370	37.74	17.542	27.655	1518.19	37.98	04/11/2014	06:10:30
1	371	37.69	17.720	27.567	1518.64	37.22	04/11/2014	06:10:31
1	372	37.64	17.895	27.482	1519.08	36.42	04/11/2014	06:10:32
1	373	38.13	18.796	27.625	1522.21	35.59	04/11/2014	06:10:33
1	374	38.59	20.362	27.560	1527.05	34.80	04/11/2014	06:10:34
1	375	38.21	21.630	26.917	1530.00	34.12	04/11/2014	06:10:35
1	376	37.92	22.057	26.566	1530.77	33.37	04/11/2014	06:10:36
1	377	37.82	22.186	26.452	1530.99	32.51	04/11/2014	06:10:37
1	378	37.79	22.228	26.415	1531.05	31.65	04/11/2014	06:10:38
1	379	37.78	22.244	26.397	1531.06	30.89	04/11/2014	06:10:39
1	380	37.78	22.248	26.390	1531.06	30.19	04/11/2014	06:10:40
1	381	37.77	22.251	26.384	1531.05	29.42	04/11/2014	06:10:41
1	382	37.78	22.251	26.387	1531.05	28.70	04/11/2014	06:10:42
1	383	37.78	22.255	26.380	1531.04	27.87	04/11/2014	06:10:43
1	384	37.78	22.252	26.379	1531.02	27.01	04/11/2014	06:10:44
1	385	37.78	22.248	26.374	1531.00	26.28	04/11/2014	06:10:45
1	386	37.77	22.248	26.365	1530.98	25.52	04/11/2014	06:10:46
1	387	37.78	22.245	26.371	1530.97	24.74	04/11/2014	06:10:47
1	388	37.78	22.246	26.367	1530.95	23.93	04/11/2014	06:10:48
1	389	37.77	22.246	26.357	1530.93	23.10	04/11/2014	06:10:49
1	390	37.77	22.247	26.353	1530.92	22.33	04/11/2014	06:10:50
1	391	37.77	22.244	26.353	1530.91	21.61	04/11/2014	06:10:51
1	392	37.78	22.243	26.351	1530.89	20.80	04/11/2014	06:10:52
1	393	37.78	22.242	26.348	1530.87	19.95	04/11/2014	06:10:53
1	394	37.79	22.241	26.352	1530.87	19.21	04/11/2014	06:10:54
1	395	37.78	22.240	26.344	1530.85	18.40	04/11/2014	06:10:55
1	396	37.78	22.239	26.342	1530.83	17.63	04/11/2014	06:10:56
1	397	37.78	22.241	26.337	1530.82	16.83	04/11/2014	06:10:57
1	398	37.78	22.243	26.332	1530.81	16.09	04/11/2014	06:10:58
1	399	37.78	22.238	26.333	1530.79	15.30	04/11/2014	06:10:59
1	400	37.78	22.238	26.329	1530.77	14.38	04/11/2014	06:11:00
1	401	37.79	22.235	26.329	1530.75	13.56	04/11/2014	06:11:01
1	402	37.78	22.236	26.319	1530.74	12.90	04/11/2014	06:11:02
1	403	37.78	22.244	26.315	1530.75	12.15	04/11/2014	06:11:03
1	404	37.78	22.245	26.310	1530.74	11.32	04/11/2014	06:11:04
1	405	37.78	22.246	26.312	1530.73	10.50	04/11/2014	06:11:05
1	406	37.78	22.248	26.307	1530.72	9.71	04/11/2014	06:11:06
1	407	37.78	22.247	26.299	1530.70	8.88	04/11/2014	06:11:07
1	408	37.78	22.245	26.297	1530.68	8.13	04/11/2014	06:11:08
1	409	37.77	22.246	26.288	1530.67	7.39	04/11/2014	06:11:09
1	410	37.77	22.246	26.284	1530.65	6.55	04/11/2014	06:11:10
1	411	37.78	22.247	26.286	1530.65	5.65	04/11/2014	06:11:11
1	412	37.77	22.242	26.281	1530.62	4.94	04/11/2014	06:11:12
1	413	37.77	22.238	26.276	1530.59	4.19	04/11/2014	06:11:13
1	414	37.76	22.237	26.268	1530.57	3.43	04/11/2014	06:11:14
1	415	37.77	22.237	26.271	1530.57	2.78	04/11/2014	06:11:15
1	416	37.78	22.238	26.273	1530.57	1.91	04/11/2014	06:11:16
1	417	37.76	22.237	26.257	1530.53	0.74	04/11/2014	06:11:17
1	418	37.77	22.235	26.256	1530.51	0.08	04/11/2014	06:11:18
1	419	0.05	22.191	-2.233	1488.93	0.00	04/11/2014	06:11:19
1	420	0.07	22.048	-2.182	1488.54	0.00	04/11/2014	06:11:20
1	421	0.07	21.922	-2.157	1488.17	0.00	04/11/2014	06:11:21
1	422	0.08	21.778	-2.113	1487.77	0.00	04/11/2014	06:11:22
1	423	0.08	21.620	-2.081	1487.30	0.00	04/11/2014	06:11:23
1	424	0.07	21.533	-2.066	1487.04	0.00	04/11/2014	06:11:24
1	425	0.08	21.430	-2.035	1486.74	0.00	04/11/2014	06:11:25
1	426	0.07	21.285	-2.011	1486.31	0.00	04/11/2014	06:11:26
1	427	0.07	21.165	-1.984	1485.95	0.00	04/11/2014	06:11:27
1	428	0.08	21.043	-1.950	1485.60	0.00	04/11/2014	06:11:28
1	429	0.08	20.928	-1.929	1485.25	0.00	04/11/2014	06:11:29
1	430	0.07	20.808	-1.910	1484.88	0.00	04/11/2014	06:11:30
1	431	0.08	20.705	-1.884	1484.58	0.00	04/11/2014	06:11:31
1	432	0.08	20.566	-1.855	1484.16	0.00	04/11/2014	06:11:32
1	433	0.08	20.406	-1.821	1483.67	0.00	04/11/2014	06:11:33
1	434	0.08	20.232	-1.784	1483.14	0.00	04/11/2014	06:11:34
1	435	0.08	20.098	-1.756	1482.73	0.00	04/11/2014	06:11:35
1	436	0.08	19.986	-1.733	1482.39	0.00	04/11/2014	06:11:36
1	437	0.08	19.879	-1.710	1482.06	0.00	04/11/2014	06:11:37
1	438	0.08	19.755	-1.685	1481.68	0.00	04/11/2014	06:11:38
1	439	0.09	19.592	-1.644	1481.19	0.00	04/11/2014	06:11:39
1	440	0.08	19.423	-1.617	1480.65	0.00	04/11/2014	06:11:40
1	441	0.08	19.300	-1.593	1480.27	0.00	04/11/2014	06:11:41
1	442	0.09	19.194	-1.564	1479.95	0.00	04/11/2014	06:11:42
1	443	0.08	19.073	-1.548	1479.55	0.00	04/11/2014	06:11:43
1	444	0.08	18.959	-1.521	1479.20	0.00	04/11/2014	06:11:44
1	445	0.08	18.860	-1.506	1478.88	0.00	04/11/2014	06:11:45
1	446	0.08	18.795	-1.489	1478.68	0.00	04/11/2014	06:11:46
1	447	0.08	18.752	-1.481	1478.54	0.00	04/11/2014	06:11:47
1	448	0.08	18.726	-1.480	1478.46	0.00	04/11/2014	06:11:48
1	449	0.09	18.714	-1.469	1478.43	0.00	04/11/2014	06:11:49
1	450	0.08	18.713	-1.477	1478.41	0.00	04/11/2014	06:11:50
1	451	0.08	18.709	-1.476	1478.40	0.00	04/11/2014	06:11:51
1	452	0.08	18.705	-1.476	1478.39	0.00	04/11/2014	06:11:52
1	453	0.08	18.710	-1.477	1478.41	0.00	04/11/2014	06:11:53
1	454	0.08	18.680	-1.467	1478.31	0.00	04/11/2014	06:11:54
1	455	0.08	18.654	-1.466	1478.23	0.00	04/11/2014	06:11:55
1	456	0.09	18.655	-1.458	1478.24	0.00	04/11/2014	06:11:56
1	457	0.08	18.659	-1.463	1478.25	0.00	04/11/2014	06:11:57
1	458	0.08	18.666	-1.468	1478.27	0.00	04/11/2014	06:11:58
1	459	0.08	18.655	-1.462	1478.24	0.00	04/11/2014	06:11:59
1	460	0.09	18.672	-1.461	1478.30	0.00	04/11/2014	06:12:00
1	461	0.08	18.692	-1.473	1478.35	0.00	04/11/2014	06:12:01
1	462	0.08	18.690	-1.469	1478.35	0.00	04/11/2014	06:12:02
1	463	0.08	18.674	-1.470	1478.29	0.00	04/11/2014	06:12:03
1	464	0.08	18.677	-1.470	1478.30	0.00	04/11/2014	06:12:04
1	465	0.08	18.683	-1.471	1478.32	0.00	04/11/2014	06:12:05
1	466	0.08	18.697	-1.474	1478.37	0.00	04/11/2014	06:12:06
1	467	0.09	18.736	-1.473	1478.50	0.00	04/11/2014	06:12:07
1	468	0.08	18.769	-1.488	1478.59	0.00	04/11/2014	06:12:08
1	469	0.09	18.777	-1.481	1478.63	0.00	04/11/2014	06:12:09
1	470	0.09	18.752	-1.477	1478.55	0.00	04/11/2014	06:12:10
1	471	0.08	18.728	-1.480	1478.46	0.00	04/11/2014	06:12:11
1	472	0.08	18.740	-1.478	1478.51	0.00	04/11/2014	06:12:12
1	473	0.08	18.780	-1.490	1478.63	0.00	04/11/2014	06:12:13
1	474	0.08	18.800	-1.490	1478.70	0.00	04/11/2014	06:12:14
1	475	0.08	18.802	-1.494	1478.70	0.00	04/11/2014	06:12:15
1	476	0.08	18.832	-1.496	1478.80	0.00	04/11/2014	06:12:16
1	477	0.07	18.863	-1.510	1478.88	0.00	04/11/2014	06:12:17
1	478	0.08	18.861	-1.506	1478.89	0.00	04/11/2014	06:12:18
1	479	0.08	18.863	-1.506	1478.89	0.00	04/11/2014	06:12:19
1	480	0.09	18.883	-1.502	1478.96	0.00	04/11/2014	06:12:20
1	481	0.08	18.902	-1.514	1479.02	0.00	04/11/2014	06:12:21
1	482	0.08	18.910	-1.511	1479.04	0.00	04/11/2014	06:12:22
1	483	0.08	18.912	-1.512	1479.05	0.00	04/11/2014	06:12:23
1	484	0.08	18.922	-1.518	1479.08	0.00	04/11/2014	06:12:24
1	485	0.08	18.925	-1.518	1479.09	0.00	04/11/2014	06:12:25
1	486	0.08	18.922	-1.518	1479.08	0.00	04/11/2014	06:12:26
1	487	0.08	18.895	-1.509	1479.00	0.00	04/11/2014	06:12:27
1	488	0.08	18.825	-1.499	1478.77	0.00	04/11/2014	06:12:28
1	489	0.08	18.717	-1.478	1478.43	0.00	04/11/2014	06:12:29
1	490	0.08	18.593	-1.450	1478.04	0.00	04/11/2014	06:12:30
1	491	0.08	18.505	-1.433	1477.76	0.00	04/11/2014	06:12:31
1	492	0.08	18.404	-1.418	1477.43	0.00	04/11/2014	06:12:32
1	493	0.08	18.306	-1.399	1477.12	0.00	04/11/2014	06:12:33
1	494	0.08	18.252	-1.385	1476.95	0.00	04/11/2014	06:12:34
1	495	0.09	18.219	-1.374	1476.85	0.00	04/11/2014	06:12:35
1	496	0.08	18.187	-1.373	1476.74	0.00	04/11/2014	06:12:36
1	497	0.08	18.162	-1.372	1476.66	0.00	04/11/2014	06:12:37
1	498	0.08	18.164	-1.368	1476.67	0.00	04/11/2014	06:12:38
1	499	0.08	18.174	-1.374	1476.69	0.00	04/11/2014	06:12:39
1	500	0.08	18.159	-1.371	1476.65	0.00	04/11/2014	06:12:40
1	501	0.08	18.163	-1.368	1476.66	0.00	04/11/2014	06:12:41
1	502	0.08	18.178	-1.375	1476.71	0.00	04/11/2014	06:12:42
1	503	0.08	18.193	-1.378	1476.75	0.00	04/11/2014	06:12:43
1	504	0.08	18.165	-1.373	1476.66	0.00	04/11/2014	06:12:44
1	505	0.08	18.154	-1.366	1476.63	0.00	04/11/2014	06:12:45
1	506	0.08	18.132	-1.362	1476.56	0.00	04/11/2014	06:12:46
1	507	0.09	18.103	-1.353	1476.47	0.00	04/11/2014	06:12:47
1	508	0.08	18.043	-1.350	1476.27	0.00	04/11/2014	06:12:48
1	509	0.08	18.035	-1.348	1476.24	0.00	04/11/2014	06:12:49
1	510	0.08	18.046	-1.350	1476.28	0.00	04/11/2014	06:12:50
1	511	0.08	18.013	-1.344	1476.17	0.00	04/11/2014	06:12:51
1	512	0.08	17.994	-1.341	1476.11	0.00	04/11/2014	06:12:52
1	513	0.08	18.000	-1.342	1476.13	0.00	04/11/2014	06:12:53
1	514	0.08	18.001	-1.342	1476.13	0.00	04/11/2014	06:12:54
1	515	0.08	17.998	-1.341	1476.12	0.00	04/11/2014	06:12:55
1	516	0.08	18.006	-1.343	1476.15	0.00	04/11/2014	06:12:56
1	517	0.08	18.005	-1.343	1476.14	0.00	04/11/2014	06:12:57
1	518	0.08	17.981	-1.338	1476.07	0.00	04/11/2014	06:12:58
1	519	0.08	17.981	-1.334	1476.08	0.00	04/11/2014	06:12:59
1	520	0.08	17.981	-1.338	1476.07	0.00	04/11/2014	06:13:00
1	521	0.08	18.000	-1.342	1476.13	0.00	04/11/2014	06:13:01
1	522	0.08	18.039	-1.349	1476.26	0.00	04/11/2014	06:13:02
1	523	0.08	18.067	-1.354	1476.35	0.00	04/11/2014	06:13:03
1	524	0.08	18.097	-1.360	1476.45	0.00	04/11/2014	06:13:04
1	525	0.08	18.093	-1.359	1476.43	0.00	04/11/2014	06:13:05
1	526	0.08	18.100	-1.360	1476.45	0.00	04/11/2014	06:13:06
1	527	0.08	18.105	-1.361	1476.47	0.00	04/11/2014	06:13:07
1	528	0.08	18.129	-1.366	1476.55	0.00	04/11/2014	06:13:08
1	529	0.08	18.157	-1.371	1476.64	0.00	04/11/2014	06:13:09
1	530	0.07	18.185	-1.380	1476.72	0.00	04/11/2014	06:13:10
1	531	0.08	18.213	-1.382	1476.82	0.00	04/11/2014	06:13:11
1	532	0.09	18.235	-1.377	1476.90	0.00	04/11/2014	06:13:12
1	533	0.08	18.257	-1.386	1476.96	0.00	04/11/2014	06:13:13
1	534	0.08	18.281	-1.394	1477.04	0.00	04/11/2014	06:13:14
1	535	0.09	18.306	-1.391	1477.13	0.00	04/11/2014	06:13:15
1	536	0.08	18.326	-1.399	1477.19	0.00	04/11/2014	06:13:16
1	537	0.09	18.314	-1.392	1477.15	0.00	04/11/2014	06:13:17
1	538	0.08	18.317	-1.401	1477.15	0.00	04/11/2014	06:13:18
1	539	0.08	18.361	-1.410	1477.29	0.00	04/11/2014	06:13:19
1	540	0.08	18.409	-1.419	1477.45	0.00	04/11/2014	06:13:20
1	541	0.09	18.463	-1.421	1477.63	0.00	04/11/2014	06:13:21
1	542	0.08	18.516	-1.435	1477.79	0.00	04/11/2014	06:13:22
1	543	0.09	18.561	-1.440	1477.94	0.00	04/11/2014	06:13:23
1	544	0.09	18.602	-1.447	1478.07	0.00	04/11/2014	06:13:24
1	545	0.08	18.628	-1.461	1478.15	0.00	04/11/2014	06:13:25
1	546	0.09	18.641	-1.455	1478.20	0.00	04/11/2014	06:13:26
1	547	0.09	18.651	-1.457	1478.23	0.00	04/11/2014	06:13:27
1	548	0.08	18.658	-1.462	1478.25	0.00	04/11/2014	06:13:28
1	549	0.09	18.664	-1.459	1478.27	0.00	04/11/2014	06:13:29
1	550	0.08	18.665	-1.468	1478.27	0.00	04/11/2014	06:13:30
1	551	0.08	18.649	-1.461	1478.22	0.00	04/11/2014	06:13:31
1	552	0.09	18.621	-1.451	1478.13	0.00	04/11/2014	06:13:32
1	553	0.09	18.608	-1.449	1478.09	0.00	04/11/2014	06:13:33
1	554	0.08	18.609	-1.453	1478.09	0.00	04/11/2014	06:13:34
1	555	0.09	18.615	-1.450	1478.11	0.00	04/11/2014	06:13:35
1	556	0.08	18.622	-1.455	1478.13	0.00	04/11/2014	06:13:36
1	557	0.08	18.652	-1.461	1478.23	0.00	04/11/2014	06:13:37
1	558	0.08	18.672	-1.469	1478.29	0.00	04/11/2014	06:13:38
1	559	0.08	18.703	-1.471	1478.39	0.00	04/11/2014	06:13:39
1	560	0.08	18.709	-1.476	1478.41	0.00	04/11/2014	06:13:40
1	561	0.08	18.680	-1.467	1478.32	0.00	04/11/2014	06:13:41
1	562	0.08	18.670	-1.465	1478.28	0.00	04/11/2014	06:13:42
1	563	0.08	18.676	-1.466	1478.30	0.00	04/11/2014	06:13:43
1	564	0.08	18.679	-1.466	1478.31	0.00	04/11/2014	06:13:44
1	565	0.09	18.678	-1.462	1478.31	0.00	04/11/2014	06:13:45
1	566	0.09	18.688	-1.464	1478.35	0.00	04/11/2014	06:13:46
1	567	0.08	18.711	-1.473	1478.41	0.00	04/11/2014	06:13:47
1	568	0.09	18.718	-1.470	1478.44	0.00	04/11/2014	06:13:48
1	569	0.09	18.730	-1.472	1478.48	0.00	04/11/2014	06:13:49
1	570	0.08	18.759	-1.482	1478.57	0.00	04/11/2014	06:13:50
1	571	0.08	18.766	-1.487	1478.59	0.00	04/11/2014	06:13:51
1	572	0.08	18.767	-1.484	1478.59	0.00	04/11/2014	06:13:52
1	573	0.08	18.774	-1.485	1478.61	0.00	04/11/2014	06:13:53
1	574	0.08	18.795	-1.489	1478.68	0.00	04/11/2014	06:13:54
1	575	0.09	18.815	-1.489	1478.75	0.00	04/11/2014	06:13:55
1	576	0.09	18.824	-1.491	1478.78	0.00	04/11/2014	06:13:56
1	577	0.08	18.850	-1.500	1478.86	0.00	04/11/2014	06:13:57
1	578	0.08	18.874	-1.504	1478.93	0.00	04/11/2014	06:13:58
1	579	0.08	18.885	-1.507	1478.97	0.00	04/11/2014	06:13:59
1	580	0.09	18.853	-1.496	1478.87	0.00	04/11/2014	06:14:00
1	581	0.09	18.824	-1.491	1478.78	0.00	04/11/2014	06:14:01
1	582	0.08	18.828	-1.495	1478.79	0.00	04/11/2014	06:14:02
1	583	0.08	18.856	-1.501	1478.87	0.00	04/11/2014	06:14:03
1	584	0.09	18.877	-1.501	1478.94	0.00	04/11/2014	06:14:04
1	585	0.09	18.885	-1.502	1478.97	0.00	04/11/2014	06:14:05
1	586	0.08	18.844	-1.499	1478.84	0.00	04/11/2014	06:14:06
1	587	0.08	18.765	-1.483	1478.59	0.00	04/11/2014	06:14:07
1	588	0.09	18.696	-1.466	1478.37	0.00	04/11/2014	06:14:08
1	589	0.08	18.641	-1.459	1478.19	0.00	04/11/2014	06:14:09
1	590	0.08	18.562	-1.448	1477.94	0.00	04/11/2014	06:14:10
1	591	0.08	18.479	-1.432	1477.67	0.00	04/11/2014	06:14:11
1	592	0.08	18.418	-1.416	1477.48	0.00	04/11/2014	06:14:12
1	593	0.09	18.391	-1.407	1477.40	0.00	04/11/2014	06:14:13
1	594	0.08	18.366	-1.406	1477.31	0.00	04/11/2014	06:14:14
1	595	0.09	18.317	-1.393	1477.16	0.00	04/11/2014	06:14:15
1	596	0.08	18.258	-1.390	1476.96	0.00	04/11/2014	06:14:16
1	597	0.09	18.199	-1.371	1476.78	0.00	04/11/2014	06:14:17
1	598	0.08	18.179	-1.375	1476.71	0.00	04/11/2014	06:14:18
1	599	0.08	18.160	-1.372	1476.65	0.00	04/11/2014	06:14:19
1	600	0.08	18.166	-1.373	1476.66	0.00	04/11/2014	06:14:20
1	601	0.08	18.160	-1.367	1476.65	0.00	04/11/2014	06:14:21
1	602	0.08	18.121	-1.364	1476.52	0.00	04/11/2014	06:14:22
1	603	0.07	18.093	-1.363	1476.42	0.00	04/11/2014	06:14:23
1	604	0.08	18.061	-1.353	1476.33	0.00	04/11/2014	06:14:24
1	605	0.07	18.068	-1.358	1476.34	0.00	04/11/2014	06:14:25
1	606	0.08	18.088	-1.358	1476.42	0.00	04/11/2014	06:14:26
1	607	0.08	18.109	-1.358	1476.49	0.00	04/11/2014	06:14:27
1	608	0.08	18.135	-1.363	1476.57	0.00	04/11/2014	06:14:28
1	609	0.08	18.172	-1.370	1476.69	0.00	04/11/2014	06:14:29
1	610	0.08	18.190	-1.373	1476.75	0.00	04/11/2014	06:14:30
1	611	0.08	18.191	-1.377	1476.75	0.00	04/11/2014	06:14:31
1	612	0.08	18.183	-1.376	1476.72	0.00	04/11/2014	06:14:32
1	613	0.08	18.206	-1.376	1476.80	0.00	04/11/2014	06:14:33
1	614	0.08	18.258	-1.390	1476.96	0.00	04/11/2014	06:14:34
1	615	0.08	18.320	-1.398	1477.17	0.00	04/11/2014	06:14:35
1	616	0.08	18.377	-1.413	1477.35	0.00	04/11/2014	06:14:36
1	617	0.08	18.433	-1.423	1477.52	0.00	04/11/2014	06:14:37
1	618	0.08	18.494	-1.435	1477.72	0.00	04/11/2014	06:14:38
1	619	0.08	18.560	-1.448	1477.93	0.00	04/11/2014	06:14:39
1	620	0.08	18.613	-1.458	1478.10	0.00	04/11/2014	06:14:40
1	621	0.08	18.665	-1.468	1478.26	0.00	04/11/2014	06:14:41
1	622	0.08	18.710	-1.477	1478.40	0.00	04/11/2014	06:14:42
1	623	0.08	18.755	-1.481	1478.55	0.00	04/11/2014	06:14:43
1	624	0.08	18.804	-1.495	1478.70	0.00	04/11/2014	06:14:44
1	625	0.08	18.870	-1.508	1478.91	0.00	04/11/2014	06:14:45
1	626	0.08	18.924	-1.518	1479.08	0.00	04/11/2014	06:14:46
1	627	0.08	18.969	-1.527	1479.23	0.00	04/11/2014	06:14:47
1	628	0.08	19.008	-1.535	1479.35	0.00	04/11/2014	06:14:48
1	629	0.08	19.045	-1.542	1479.46	0.00	04/11/2014	06:14:49
1	630	0.08	19.085	-1.546	1479.60	0.00	04/11/2014	06:14:50
1	631	0.08	19.120	-1.557	1479.70	0.00	04/11/2014	06:14:51
1	632	0.08	19.156	-1.564	1479.81	0.00	04/11/2014	06:14:52
1	633	0.08	19.189	-1.571	1479.92	0.00	04/11/2014	06:14:53
1	634	0.08	19.214	-1.576	1479.99	0.00	04/11/2014	06:14:54
1	635	0.08	19.241	-1.581	1480.08	0.00	04/11/2014	06:14:55
1	636	0.08	19.266	-1.586	1480.15	0.00	04/11/2014	06:14:56
